sgrna	Gene	control_count	treatment_count	control_mean	treat_mean	LFC	control_var	adj_var	score	p.low	p.high	p.twosided	FDR	high_in_treatment
EGFP_g3	EGFP	345.58	5925.6	345.58	5925.6	4.096	1.5569e+07	12599	49.714	1	0	0	0	True
EGFP_g1	EGFP	559.67	7871.4	559.67	7871.4	3.8116	2.673e+07	23912	47.284	1	0	0	0	True
EGFP_g5	EGFP	659.97	8780.9	659.97	8780.9	3.7319	3.2975e+07	29773	47.065	1	0	0	0	True
EGFP_g2	EGFP	810	9524.5	810	9524.5	3.554	3.7972e+07	39100	44.071	1	0	0	0	True
EGFP_g4	EGFP	448.41	5269.3	448.41	5269.3	3.5518	1.162e+07	17809	36.125	1	4.6377e-286	9.2754e-286	1.4099e-284	True
KRT20_g3	KRT20	1041.8	7168.3	1041.8	7168.3	2.7814	1.8767e+07	54656	26.206	1	1.1481e-151	2.2963e-151	2.9086e-150	True
KRT20_g2	KRT20	1405.1	8202	1405.1	8202	2.5445	2.3099e+07	81399	23.823	1	9.587e-126	1.9174e-125	2.0818e-124	True
KRT20_g5	KRT20	1627.6	9117.7	1627.6	9117.7	2.4852	2.8051e+07	99006	23.804	1	1.5037e-125	3.0074e-125	2.8571e-124	True
KRT20_g1	KRT20	1045.2	5896.1	1045.2	5896.1	2.4949	1.1766e+07	54892	20.705	1	1.5593e-95	3.1187e-95	2.6336e-94	True
KRT20_g4	KRT20	526.8	2725	526.8	2725	2.3687	2.416e+06	22062	14.799	1	7.4156e-50	1.4831e-49	1.1272e-48	True
EGFP_g6	EGFP	2903.7	8822.7	2903.7	8822.7	1.603	1.7517e+07	2.1413e+05	12.791	1	9.19e-38	1.838e-37	1.2699e-36	True
KRT20_g6	KRT20	1274.4	4678.1	1274.4	4678.1	1.8752	5.7924e+06	71479	12.731	1	1.9943e-37	3.9886e-37	2.5261e-36	True
SOX9_g2	SOX9	6088.1	902.18	6088.1	902.18	-2.7531	1.3447e+07	5.7472e+05	6.8406	3.9424e-12	1	7.8848e-12	4.6096e-11	False
SOX9_g5	SOX9	8018.3	1822.8	8018.3	1822.8	-2.1365	1.9192e+07	8.2991e+05	6.8008	5.2026e-12	1	1.0405e-11	5.6485e-11	False
SOX9_g3	SOX9	6364.5	1424.6	6364.5	1424.6	-2.1588	1.2202e+07	6.098e+05	6.326	1.2578e-10	1	2.5156e-10	1.2746e-09	False
SOX9_g1	SOX9	7121.4	1948.2	7121.4	1948.2	-1.8695	1.3381e+07	7.0843e+05	6.1463	3.9645e-10	1	7.929e-10	3.7663e-09	False
SOX9_g6	SOX9	12233	4861.2	12233	4861.2	-1.3312	2.7169e+07	1.4583e+06	6.1042	5.1657e-10	1	1.0331e-09	4.6188e-09	False
SOX9_g4	SOX9	3441.5	830.89	3441.5	830.89	-2.049	3.4075e+06	2.6857e+05	5.0374	2.3593e-07	1	4.7185e-07	1.9923e-06	False
ROSA26_g7	ROSA26	8867	6413.6	8867	6413.6	-0.46725	3.0097e+06	9.4916e+05	2.5183	0.0058965	0.9941	0.011793	0.047172	False
CCR5_g7	CCR5	11869	9386.9	11869	9386.9	-0.33839	3.0793e+06	1.4006e+06	2.0969	0.018002	0.982	0.036004	0.13681	False
AAVS1_g2	AAVS1	5926.2	4391.7	5926.2	4391.7	-0.43226	1.1774e+06	5.5443e+05	2.0609	0.019656	0.98034	0.039311	0.14227	False
CCR5_g8	CCR5	7946.6	6219.4	7946.6	6219.4	-0.35351	1.4916e+06	8.2003e+05	1.9074	0.028237	0.97176	0.056474	0.19509	False
CTRL0001_g1	CTRL	4771.5	3654.2	4771.5	3654.2	-0.3848	6.2418e+05	4.1524e+05	1.7339	0.041469	0.95853	0.082938	0.27405	False
ROSA26_g6	ROSA26	9012	7360	9012	7360	-0.2921	1.3645e+06	9.6993e+05	1.6774	0.046733	0.95327	0.093467	0.28644	False
CTRL0003_g3	CTRL	16230	13790	16230	13790	-0.2351	2.9787e+06	2.1271e+06	1.6735	0.047111	0.95289	0.094223	0.28644	False
AAVS1_g7	AAVS1	4420.9	3414.5	4420.9	3414.5	-0.37255	5.0637e+05	3.7505e+05	1.6432	0.050166	0.94983	0.10033	0.29328	False
AAVS1_g3	AAVS1	5578.1	4477.7	5578.1	4477.7	-0.31696	6.0546e+05	5.1142e+05	1.5387	0.061933	0.93807	0.12387	0.33417	False
ROSA26_g3	ROSA26	8910.9	7417.8	8910.9	7417.8	-0.26454	1.1146e+06	9.5543e+05	1.5275	0.06332	0.93668	0.12664	0.33417	False
CCR5_g6	CCR5	5021.8	4005.7	5021.8	4005.7	-0.32608	5.1624e+05	4.4455e+05	1.524	0.063757	0.93624	0.12751	0.33417	False
AAVS1_g4	AAVS1	3147.3	2415.2	3147.3	2415.2	-0.3818	2.6795e+05	2.3841e+05	1.4993	0.066901	0.9331	0.1338	0.33897	False
ROSA26_g1	ROSA26	16375	14254	16375	14254	-0.20005	2.2478e+06	2.1523e+06	1.4452	0.074196	0.9258	0.14839	0.35356	False
CTRL0007_g7	CTRL	6085.6	4991.5	6085.6	4991.5	-0.28586	5.9847e+05	5.744e+05	1.4435	0.074434	0.92557	0.14887	0.35356	False
AAVS1_g8	AAVS1	7887.6	6798.3	7887.6	6798.3	-0.21438	5.9328e+05	8.1191e+05	1.2089	0.11335	0.88665	0.2267	0.5159	False
PROM1_g1	PROM1	5281.4	6083	5281.4	6083	0.20381	3.2122e+05	4.7546e+05	1.1624	0.87746	0.12254	0.24507	0.5159	True
PROM1_g6	PROM1	12759	11329	12759	11329	-0.17145	1.022e+06	1.5426e+06	1.1511	0.12484	0.87516	0.24969	0.5159	False
LRIG1_g5	LRIG1	11194	9924	11194	9924	-0.17374	8.0671e+05	1.2955e+06	1.116	0.13221	0.86779	0.26442	0.5159	False
CCR5_g5	CCR5	4770.7	4058.6	4770.7	4058.6	-0.23316	2.5353e+05	4.1514e+05	1.1052	0.13454	0.86546	0.26909	0.5159	False
CCR5_g2	CCR5	7012.7	6096.5	7012.7	6096.5	-0.20196	4.1973e+05	6.9404e+05	1.0998	0.13571	0.86429	0.27142	0.5159	False
CTRL0006_g6	CTRL	10174	9003.4	10174	9003.4	-0.17638	6.8556e+05	1.1404e+06	1.0965	0.13643	0.86357	0.27285	0.5159	False
AAVS1_g1	AAVS1	7149.3	6239.1	7149.3	6239.1	-0.19643	4.1422e+05	7.1212e+05	1.0786	0.14039	0.85961	0.28077	0.5159	False
ROSA26_g2	ROSA26	6462.3	5615.9	6462.3	5615.9	-0.2025	3.5821e+05	6.2233e+05	1.0729	0.14165	0.85835	0.2833	0.5159	False
LRIG1_g1	LRIG1	6886.3	6010.4	6886.3	6010.4	-0.19622	3.8354e+05	6.7739e+05	1.0641	0.14363	0.85637	0.28726	0.5159	False
mKate2_g3	mKate2	4586.1	3924.6	4586.1	3924.6	-0.22466	2.1877e+05	3.9386e+05	1.054	0.14594	0.85406	0.29189	0.5159	False
PROM1_g2	PROM1	7993	7068.7	7993	7068.7	-0.17726	4.2711e+05	8.2642e+05	1.0167	0.15465	0.84535	0.3093	0.53425	False
PROM1_g5	PROM1	6282.8	5509	6282.8	5509	-0.18959	2.994e+05	5.9937e+05	0.99952	0.15877	0.84123	0.31754	0.5363	False
mKate2_g6	mKate2	7451	6631.2	7451	6631.2	-0.16815	3.3607e+05	7.5251e+05	0.9451	0.1723	0.8277	0.34461	0.56371	False
PROM1_g4	PROM1	8622.6	7726.3	8622.6	7726.3	-0.15832	4.0166e+05	9.1441e+05	0.93729	0.1743	0.8257	0.34861	0.56371	False
AAVS1_g5	AAVS1	5473.6	4823.1	5473.6	4823.1	-0.1825	2.1158e+05	4.9868e+05	0.92118	0.17848	0.82152	0.35695	0.56518	False
ROSA26_g9	ROSA26	2333.9	1971.5	2333.9	1971.5	-0.24333	65664	1.6004e+05	0.90586	0.1825	0.8175	0.36501	0.56614	False
ROSA26_g5	ROSA26	5486.3	4882.1	5486.3	4882.1	-0.16829	1.825e+05	5.0022e+05	0.85423	0.19649	0.80351	0.39298	0.59733	False
PROM1_g3	PROM1	5835.2	5228.7	5835.2	5228.7	-0.1583	1.8392e+05	5.431e+05	0.82297	0.20526	0.79474	0.41052	0.61176	False
ROSA26_g8	ROSA26	4174.8	3720.6	4174.8	3720.6	-0.16612	1.0314e+05	3.4747e+05	0.77049	0.2205	0.7795	0.44101	0.64455	False
LRIG1_g2	LRIG1	3776.1	3382.6	3776.1	3382.6	-0.15872	77424	3.0394e+05	0.71377	0.23768	0.76232	0.47537	0.68166	False
CTRL0009_g9	CTRL	4715	4316.7	4715	4316.7	-0.12731	79333	4.087e+05	0.62308	0.26662	0.73338	0.53323	0.74369	False
CCR5_g4	CCR5	3503.8	3181	3503.8	3181	-0.13941	52112	2.7508e+05	0.61554	0.2691	0.7309	0.5382	0.74369	False
mKate2_g5	mKate2	3847.7	3547.3	3847.7	3547.3	-0.11726	45135	3.1165e+05	0.53819	0.29522	0.70478	0.59045	0.79523	False
AAVS1_g10	AAVS1	2572.5	2346.4	2572.5	2346.4	-0.13263	25547	1.822e+05	0.52955	0.29821	0.70179	0.59642	0.79523	False
mKate2_g4	mKate2	4184.9	3882.8	4184.9	3882.8	-0.10805	45616	3.4859e+05	0.51158	0.30447	0.69553	0.60894	0.79793	False
ROSA26_g10	ROSA26	5429	5764.6	5429	5764.6	0.086537	56338	4.9326e+05	0.47795	0.68366	0.31634	0.63269	0.81499	True
mKate2_g2	mKate2	4323.1	4101.6	4323.1	4101.6	-0.075858	24529	3.6403e+05	0.3671	0.35677	0.64323	0.71354	0.89997	False
CTRL0010_g10	CTRL	7826.9	8145.4	7826.9	8145.4	0.057541	50728	8.0359e+05	0.35532	0.63883	0.36117	0.72235	0.89997	True
AAVS1_g6	AAVS1	2152.7	2026.8	2152.7	2026.8	-0.086876	7920.8	1.437e+05	0.33203	0.36993	0.63007	0.73987	0.90694	False
mKate2_g1	mKate2	3335.3	3187.1	3335.3	3187.1	-0.065515	10969	2.5758e+05	0.29184	0.3852	0.6148	0.77041	0.92697	False
CTRL0004_g4	CTRL	2535.4	2641.4	2535.4	2641.4	0.059088	5621.9	1.7871e+05	0.25083	0.59903	0.40097	0.80195	0.92697	True
LRIG1_g6	LRIG1	3973.3	3833.7	3973.3	3833.7	-0.051605	9750.9	3.2529e+05	0.24485	0.40329	0.59671	0.80657	0.92697	False
CTRL0008_g8	CTRL	5584	5414.3	5584	5414.3	-0.044521	14402	5.1214e+05	0.23716	0.40627	0.59373	0.81254	0.92697	False
CCR5_g10	CCR5	5365.7	5214	5365.7	5214	-0.041385	11516	4.8561e+05	0.21778	0.4138	0.5862	0.8276	0.92697	False
CCR5_g9	CCR5	3151.5	3055.6	3151.5	3055.6	-0.044562	4597.1	2.3883e+05	0.19621	0.42222	0.57778	0.84445	0.92697	False
LRIG1_g4	LRIG1	7381.9	7223.6	7381.9	7223.6	-0.031268	12528	7.4321e+05	0.18361	0.42716	0.57284	0.85432	0.92697	False
CTRL0002_g2	CTRL	4431.8	4321.6	4431.8	4321.6	-0.036321	6072.9	3.7629e+05	0.17966	0.42871	0.57129	0.85742	0.92697	False
LRIG1_g3	LRIG1	3469.3	3381.3	3469.3	3381.3	-0.037027	3865.9	2.7147e+05	0.16877	0.43299	0.56701	0.86598	0.92697	False
AAVS1_g9	AAVS1	2309.5	2253	2309.5	2253	-0.035704	1594.9	1.5781e+05	0.14217	0.44347	0.55653	0.88695	0.93622	False
CTRL0005_g5	CTRL	4707.5	4631.4	4707.5	4631.4	-0.023504	2894.6	4.0782e+05	0.11914	0.45258	0.54742	0.90516	0.94236	False
CCR5_g1	CCR5	4533	4544.1	4533	4544.1	0.003534	61.828	3.8779e+05	0.017857	0.50712	0.49288	0.98575	0.9982	True
CCR5_g3	CCR5	3428.8	3425.6	3428.8	3425.6	-0.0013568	5.1971	2.6725e+05	0.0062363	0.49751	0.50249	0.99502	0.9982	False
ROSA26_g4	ROSA26	5917.8	5919.5	5917.8	5919.5	0.00040832	1.4035	5.5338e+05	0.0022522	0.5009	0.4991	0.9982	0.9982	True
