sgRNA	Gene	P5_F1.fq	P5_F2.fq	P5_F3.fq	P5_F4.fq	P5_F5.fq	P5_F6.fq	P5_F7.fq	P5_F8.fq
SOX9_g1	SOX9	5361	6562	5554	5775	1239	2243	2246	1457
SOX9_g2	SOX9	4257	4779	4891	4819	1019	1379	2210	1190
SOX9_g3	SOX9	5187	5559	5361	4852	1122	1829	1775	1483
SOX9_g4	SOX9	2793	3293	2756	2841	613	1166	1526	829
SOX9_g5	SOX9	6632	7336	5996	6517	1379	2914	2747	1629
SOX9_g6	SOX9	9456	10160	8304	9679	1939	4633	3929	2371
PROM1_g1	PROM1	7115	6476	5357	5976	3115	4148	2673	1176
PROM1_g2	PROM1	9841	9727	7022	7690	3264	5797	3196	1860
PROM1_g3	PROM1	7796	7901	5421	5943	2462	4226	2344	1455
PROM1_g4	PROM1	11385	11045	7533	8962	3653	6638	4070	1916
PROM1_g5	PROM1	6975	7187	5130	5030	1955	3907	2210	1118
PROM1_g6	PROM1	16896	16560	11639	13559	6044	9555	5850	3352
KRT20_g1	KRT20	6367	6329	4851	5742	2502	3714	2160	1532
KRT20_g2	KRT20	9842	8783	6423	7059	3378	4980	2716	1419
KRT20_g3	KRT20	7680	7909	5763	5891	2369	4366	2262	1079
KRT20_g4	KRT20	3376	3275	2444	2542	861	2109	1013	794
KRT20_g5	KRT20	11917	11099	7662	9250	3746	7344	3614	2218
KRT20_g6	KRT20	5682	6191	4337	4496	2378	3089	2170	734
LRIG1_g1	LRIG1	8516	8511	5790	7014	4566	4523	2876	1360
LRIG1_g2	LRIG1	4905	5316	3429	4129	1606	3529	1285	865
LRIG1_g3	LRIG1	4484	4934	3208	3750	1386	2459	1322	932
LRIG1_g4	LRIG1	10605	11763	8222	8511	4571	7121	3488	1609
LRIG1_g5	LRIG1	14590	13393	9780	10837	4707	8265	4196	2791
LRIG1_g6	LRIG1	5601	4954	3795	4380	2174	3076	1685	1229
CTRL0001_g1	CTRL	5331	6046	3963	4243	2246	2896	1626	1316
CTRL0002_g2	CTRL	5138	5071	3480	3788	2177	2938	1478	976
CTRL0003_g3	CTRL	18384	17843	13600	14838	6543	9996	6244	3740
CTRL0004_g4	CTRL	3841	3309	2459	2902	1122	1770	896	1065
CTRL0005_g5	CTRL	6466	5866	4578	4765	1856	3480	2073	1120
CTRL0006_g6	CTRL	12007	11461	7750	8973	4369	7327	4162	2082
CTRL0007_g7	CTRL	6990	6997	5038	4945	2205	4049	2337	1476
CTRL0008_g8	CTRL	7471	7597	5273	5776	2769	4058	2328	1930
CTRL0009_g9	CTRL	6197	5977	3820	4956	2325	3933	2117	1233
CTRL0010_g10	CTRL	10228	10691	6711	8019	5050	5522	3356	2098
ROSA26_g1	ROSA26	19487	18937	13154	16062	6899	10384	5834	3214
ROSA26_g2	ROSA26	7871	7629	5146	6381	2918	3952	2344	1357
ROSA26_g3	ROSA26	11694	10990	7629	9384	3369	6045	3658	1777
ROSA26_g4	ROSA26	8240	8855	6040	6272	2814	5194	2770	1378
ROSA26_g5	ROSA26	7544	6155	5021	6099	2137	3940	2086	1354
ROSA26_g6	ROSA26	9523	8259	6425	7623	2506	6506	3517	1678
ROSA26_g7	ROSA26	10593	9819	7558	8236	3360	5495	3149	1993
ROSA26_g8	ROSA26	5433	4640	3318	4298	2593	3020	1753	1023
ROSA26_g9	ROSA26	2984	2932	1929	2335	902	1683	954	610
ROSA26_g10	ROSA26	7818	8025	6005	7352	3068	5821	3184	1934
CCR5_g1	CCR5	5930	4929	4137	4935	2184	3355	2012	1262
CCR5_g2	CCR5	9027	8629	6288	6965	3458	5776	2749	1752
CCR5_g3	CCR5	5010	4425	3489	4073	1583	3126	1917	900
CCR5_g4	CCR5	4503	4738	3252	3917	1445	2241	1246	681
CCR5_g5	CCR5	5719	5471	3824	4808	2608	3287	1912	1131
CCR5_g6	CCR5	6716	5612	4412	5447	2514	4236	2383	822
CCR5_g7	CCR5	13099	12323	9689	11505	5424	7966	4948	3018
CCR5_g8	CCR5	8536	7973	6395	7640	3368	5314	3178	1793
CCR5_g9	CCR5	4151	4099	2837	3146	1567	2221	1297	731
CCR5_g10	CCR5	6933	6420	4781	5216	2625	3827	2241	1135
AAVS1_g1	AAVS1	10352	10526	7150	8395	3396	5953	3131	2012
AAVS1_g2	AAVS1	7131	6488	4488	5328	2368	4402	2334	963
AAVS1_g3	AAVS1	6894	6499	4914	5627	2345	3974	2366	1208
AAVS1_g4	AAVS1	3816	3796	2755	3010	1122	2159	1291	451
AAVS1_g5	AAVS1	6942	7134	4983	5050	2558	3690	1925	1085
AAVS1_g6	AAVS1	2520	2492	1786	1956	620	1553	812	477
AAVS1_g7	AAVS1	5792	5485	3858	4395	1581	3603	1960	1088
AAVS1_g8	AAVS1	10411	10206	6957	7464	4123	5413	2661	2038
AAVS1_g9	AAVS1	3118	3006	2183	2386	1073	1467	934	433
AAVS1_g10	AAVS1	3678	3994	2678	3306	820	2075	1343	829
EGFP_g1	EGFP	4832	5430	11025	9438	485	1323	5343	2458
EGFP_g2	EGFP	7646	8585	10293	9888	1406	1994	5384	2813
EGFP_g3	EGFP	4511	4950	4882	5042	1139	1743	2044	2079
EGFP_g4	EGFP	5356	5587	5595	5559	714	1587	3259	1435
EGFP_g5	EGFP	7046	7578	9565	9232	1154	1954	5217	2626
EGFP_g6	EGFP	10212	10250	7643	8659	2250	4056	3471	2055
mKate2_g1	mKate2	5259	4927	3211	3860	2369	2470	1934	656
mKate2_g2	mKate2	6079	6441	4412	4624	1860	3475	2296	1285
mKate2_g3	mKate2	5798	5444	4240	3773	2199	3796	1878	1036
mKate2_g4	mKate2	5111	5056	3614	4234	1449	2774	1813	842
mKate2_g5	mKate2	4713	5132	3783	4418	2056	2578	1584	807
mKate2_g6	mKate2	8816	8621	6451	7762	3505	5417	2936	1313
