sgRNA	Gene	P6_F5.fq	P6_F6.fq	P6_F7.fq	P6_F8.fq	P6_F1.fq	P6_F2.fq	P6_F3.fq	P6_F4.fq
SOX9_g1	SOX9	7537	6592	7944	7455	4508	3738	1179	1185
SOX9_g2	SOX9	6819	5294	5543	5409	3560	2765	585	592
SOX9_g3	SOX9	6773	6067	7799	6565	4071	3295	839	939
SOX9_g4	SOX9	4339	3443	4037	3943	2323	2007	667	608
SOX9_g5	SOX9	8306	7512	9261	8236	5177	4315	1296	1428
SOX9_g6	SOX9	11113	10080	13418	13161	7207	6368	3248	3130
PROM1_g1	PROM1	6368	5904	9686	7526	3330	3786	3234	3219
PROM1_g2	PROM1	9356	9171	12556	9933	4915	5581	4894	4999
PROM1_g3	PROM1	7661	7826	10434	8790	3556	4127	3177	3368
PROM1_g4	PROM1	10468	10301	15058	13522	5752	6260	5431	4366
PROM1_g5	PROM1	6087	6704	7979	7248	3408	3838	3119	2791
PROM1_g6	PROM1	15702	15481	22336	19797	8351	9409	7681	7082
KRT20_g1	KRT20	2927	3339	8762	6882	509	638	3584	3560
KRT20_g2	KRT20	5255	5671	11648	10734	778	877	4914	4429
KRT20_g3	KRT20	3656	4049	9944	8217	535	804	5119	4707
KRT20_g4	KRT20	1831	2357	4161	3702	225	330	1801	1887
KRT20_g5	KRT20	6124	7089	14874	12885	1041	1064	6208	5306
KRT20_g6	KRT20	3771	4331	7523	6826	742	820	3121	2819
LRIG1_g1	LRIG1	7973	7546	11157	9646	4252	4765	3950	3588
LRIG1_g2	LRIG1	5096	5041	6451	5058	2494	2504	2317	1945
LRIG1_g3	LRIG1	5303	4357	6434	6135	2447	2973	2376	2556
LRIG1_g4	LRIG1	11521	10775	14716	13821	5686	6733	5725	5816
LRIG1_g5	LRIG1	13980	13524	18233	15847	6991	8097	7143	6853
LRIG1_g6	LRIG1	4726	4705	6804	6185	2526	2650	2711	2810
CTRL0001_g1	CTRL	5426	5548	7739	6119	2907	3200	2478	3144
CTRL0002_g2	CTRL	4855	4929	6321	5442	2453	2654	2600	2864
CTRL0003_g3	CTRL	17311	17270	24615	20731	9163	9811	8735	8530
CTRL0004_g4	CTRL	3044	3174	4308	3980	1508	1677	1705	1615
CTRL0005_g5	CTRL	5661	5517	8061	6661	3172	3470	2866	3049
CTRL0006_g6	CTRL	11390	11337	16926	12802	6098	6416	5806	4729
CTRL0007_g7	CTRL	6420	6227	8674	6853	3421	3847	3102	3056
CTRL0008_g8	CTRL	6667	6847	9499	7770	3640	4092	3595	2965
CTRL0009_g9	CTRL	6087	6024	8738	7024	2880	3509	3085	2933
CTRL0010_g10	CTRL	10032	9591	13607	10225	4851	5944	4788	4908
ROSA26_g1	ROSA26	16709	18509	24732	21055	9511	10404	9019	7527
ROSA26_g2	ROSA26	6635	7617	9624	8213	3632	4029	3434	2866
ROSA26_g3	ROSA26	10141	9933	13634	12032	4958	6115	5042	4490
ROSA26_g4	ROSA26	8259	7484	10579	9155	3980	4780	3891	3108
ROSA26_g5	ROSA26	6238	5659	9415	7781	3330	3672	3552	3241
ROSA26_g6	ROSA26	8054	8463	13082	11123	5041	5205	4648	3843
ROSA26_g7	ROSA26	9197	8964	13510	11425	5558	5375	4216	4032
ROSA26_g8	ROSA26	4529	4448	6992	5440	2559	3047	2749	2386
ROSA26_g9	ROSA26	2755	2630	3812	3203	1431	1610	1526	1257
ROSA26_g10	ROSA26	8947	7735	12367	10995	4101	5224	4424	4458
CCR5_g1	CCR5	5100	4678	7294	6057	2809	3115	2959	3005
CCR5_g2	CCR5	7918	8142	11115	8798	4003	4700	3807	3407
CCR5_g3	CCR5	4393	4336	5883	5712	2185	2422	2062	1632
CCR5_g4	CCR5	4028	4176	5437	4647	1827	2308	1867	2151
CCR5_g5	CCR5	5186	4791	6992	6458	2918	3293	2876	2616
CCR5_g6	CCR5	6352	5854	8773	7574	3205	3410	2822	2377
CCR5_g7	CCR5	11296	10467	17099	15190	6728	7011	6025	6415
CCR5_g8	CCR5	6877	6655	10960	9491	4228	4101	3928	4226
CCR5_g9	CCR5	3511	3790	5079	4589	2007	2256	2046	1941
CCR5_g10	CCR5	5968	5674	8349	7298	3371	3523	3255	3150
AAVS1_g1	AAVS1	9001	9305	12738	11353	4638	5094	4143	4173
AAVS1_g2	AAVS1	4586	5575	7556	6905	3461	3937	3166	2755
AAVS1_g3	AAVS1	6321	6752	8898	7399	3679	3847	3180	2451
AAVS1_g4	AAVS1	3814	3893	5284	4654	1947	2172	1630	1478
AAVS1_g5	AAVS1	6625	6222	8970	7890	3502	3837	2886	2680
AAVS1_g6	AAVS1	2044	2022	2824	2811	1333	1229	1217	1048
AAVS1_g7	AAVS1	5157	5262	7413	6475	2562	2711	2512	2441
AAVS1_g8	AAVS1	9636	10143	13352	11185	4728	5323	4304	4154
AAVS1_g9	AAVS1	2620	2763	4061	3226	1506	1828	1294	1228
AAVS1_g10	AAVS1	3663	3602	5136	4658	1807	2372	2028	1826
EGFP_g1	EGFP	2982	3624	11552	8699	332	248	5198	4313
EGFP_g2	EGFP	5132	5856	13568	11504	410	448	6169	5965
EGFP_g3	EGFP	3627	3758	6914	5783	274	400	3971	3407
EGFP_g4	EGFP	3275	3970	7576	6464	269	365	3558	3059
EGFP_g5	EGFP	4842	5450	13074	10440	504	488	5561	4855
EGFP_g6	EGFP	10003	10225	14670	12262	1840	2303	5554	5467
mKate2_g1	mKate2	4802	4736	6708	5418	2067	2767	2117	2411
mKate2_g2	mKate2	5748	5395	7354	6395	2952	3511	3448	2745
mKate2_g3	mKate2	5590	5575	7788	6265	3063	3293	2866	2414
mKate2_g4	mKate2	4299	4488	6326	5491	2594	2711	2322	2191
mKate2_g5	mKate2	4927	4717	6417	5499	2402	2840	2260	1869
mKate2_g6	mKate2	8385	8550	12070	10292	4612	4910	4483	4118
