sgrna	Gene	control_count	treatment_count	control_mean	treat_mean	LFC	control_var	adj_var	score	p.low	p.high	p.twosided	FDR	high_in_treatment
EGFP_g1	EGFP	662.84	4980.6	662.84	4980.6	2.9077	9.3215e+06	29665	25.069	1	5.4127e-139	1.0825e-138	8.2273e-137	True
EGFP_g5	EGFP	886.96	5154.2	886.96	5154.2	2.5375	9.1047e+06	46859	19.713	1	8.3324e-87	1.6665e-86	6.3326e-85	True
EGFP_g2	EGFP	1142	5011.8	1142	5011.8	2.1328	7.4878e+06	69702	14.658	1	6.0006e-49	1.2001e-48	3.0403e-47	True
EGFP_g3	EGFP	734.12	2824	734.12	2824	1.9422	2.1837e+06	34820	11.2	1	2.0502e-29	4.1004e-29	7.7907e-28	True
EGFP_g4	EGFP	1057.2	2920.3	1057.2	2920.3	1.465	1.7355e+06	61746	7.4975	1	3.2518e-14	6.5036e-14	9.8854e-13	True
SOX9_g2	SOX9	903.59	2337	903.59	2337	1.37	1.0274e+06	48246	6.526	1	3.377e-11	6.7541e-11	8.5551e-10	True
SOX9_g6	SOX9	2033.7	4575	2033.7	4575	1.1693	3.2293e+06	1.7283e+05	6.1131	1	4.8858e-10	9.7717e-10	1.0609e-08	True
SOX9_g4	SOX9	555.93	1346.9	555.93	1346.9	1.2751	3.128e+05	22515	5.2712	1	6.7761e-08	1.3552e-07	1.2875e-06	True
SOX9_g1	SOX9	1480.1	3135.9	1480.1	3135.9	1.0827	1.3709e+06	1.0481e+05	5.1146	1	1.5723e-07	3.1446e-07	2.6555e-06	True
SOX9_g5	SOX9	1278.2	2358.7	1278.2	2358.7	0.88341	5.8381e+05	83214	3.7459	0.99991	8.989e-05	0.00017978	0.0013663	True
AAVS1_g6	AAVS1	610.58	1139.4	610.58	1139.4	0.89887	1.398e+05	26079	3.2743	0.99947	0.00052959	0.0010592	0.007318	True
AAVS1_g10	AAVS1	787.18	1371.3	787.18	1371.3	0.8	1.706e+05	38851	2.9635	0.99848	0.0015211	0.0030422	0.019267	True
AAVS1_g2	AAVS1	3304.7	1665.6	3304.7	1665.6	-0.98803	1.3433e+06	3.714e+05	2.6896	0.0035774	0.99642	0.0071548	0.041828	False
KRT20_g2	KRT20	4614.6	2700.5	4614.6	2700.5	-0.77273	1.8318e+06	6.2878e+05	2.4138	0.0078936	0.99211	0.015787	0.085702	False
CCR5_g9	CCR5	2013.9	1029.5	2013.9	1029.5	-0.96736	4.8451e+05	1.7019e+05	2.3862	0.0085116	0.99149	0.017023	0.086251	False
LRIG1_g1	LRIG1	4165.5	2442.8	4165.5	2442.8	-0.76971	1.4839e+06	5.3502e+05	2.3552	0.0092564	0.99074	0.018513	0.087936	False
PROM1_g1	PROM1	3237.4	1869.1	3237.4	1869.1	-0.79218	9.3615e+05	3.5955e+05	2.282	0.011246	0.98875	0.022491	0.10055	False
PROM1_g3	PROM1	2953.9	4127.4	2953.9	4127.4	0.48249	6.8861e+05	3.1119e+05	2.1037	0.9823	0.017701	0.035401	0.14947	True
ROSA26_g1	ROSA26	8474.4	5882.6	8474.4	5882.6	-0.52659	3.3588e+06	1.6408e+06	2.0234	0.021517	0.97848	0.043034	0.17214	False
KRT20_g6	KRT20	2397.2	1459.5	2397.2	1459.5	-0.71551	4.3965e+05	2.2393e+05	1.9816	0.023762	0.97624	0.047523	0.18059	False
CCR5_g3	CCR5	2270.5	1401.1	2270.5	1401.1	-0.696	3.7786e+05	2.0557e+05	1.9174	0.027595	0.97241	0.05519	0.19973	False
mKate2_g3	mKate2	2664	1718.5	2664	1718.5	-0.63215	4.4701e+05	2.6444e+05	1.8387	0.032981	0.96702	0.065963	0.21766	False
mKate2_g1	mKate2	2532.6	1631.7	2532.6	1631.7	-0.63391	4.0578e+05	2.4418e+05	1.8231	0.034144	0.96586	0.068288	0.21766	False
CTRL0010_g10	CTRL	4641.5	3191.5	4641.5	3191.5	-0.54019	1.0512e+06	6.3457e+05	1.8202	0.034367	0.96563	0.068733	0.21766	False
EGFP_g6	EGFP	2409	3264.8	2409	3264.8	0.43837	3.6615e+05	2.2568e+05	1.8014	0.96418	0.035823	0.071646	0.2178	True
SOX9_g3	SOX9	1318.6	1805.3	1318.6	1805.3	0.45301	1.1847e+05	87387	1.6467	0.95019	0.049815	0.099629	0.29122	True
mKate2_g4	mKate2	1373.2	1854.2	1373.2	1854.2	0.43295	1.1566e+05	93150	1.5759	0.94247	0.05753	0.11506	0.31869	True
ROSA26_g2	ROSA26	3644.5	2613.7	3644.5	2613.7	-0.47944	5.312e+05	4.3336e+05	1.5657	0.058706	0.94129	0.11741	0.31869	False
LRIG1_g3	LRIG1	2132.7	1466.2	2132.7	1466.2	-0.54023	2.2206e+05	1.8626e+05	1.5442	0.061275	0.93872	0.12255	0.32117	False
PROM1_g5	PROM1	2951.5	2103.7	2951.5	2103.7	-0.48831	3.5937e+05	3.1079e+05	1.5207	0.064165	0.93584	0.12833	0.3251	False
CTRL0003_g3	CTRL	7291.3	5657.4	7291.3	5657.4	-0.36597	1.3347e+06	1.2941e+06	1.4362	0.075468	0.92453	0.15094	0.37004	False
mKate2_g6	mKate2	3468.6	2647.6	3468.6	2647.6	-0.38954	3.3703e+05	4.0086e+05	1.2967	0.097362	0.90264	0.19472	0.46247	False
AAVS1_g8	AAVS1	3897.9	3013.9	3897.9	3013.9	-0.37097	3.9074e+05	4.8182e+05	1.2735	0.10141	0.89859	0.20282	0.46711	False
PROM1_g6	PROM1	7275.4	5881.2	7275.4	5881.2	-0.30687	9.7192e+05	1.2897e+06	1.2277	0.10978	0.89022	0.21957	0.48857	False
CTRL0007_g7	CTRL	1762.8	2209.5	1762.8	2209.5	0.32568	99770	1.38e+05	1.2025	0.88541	0.11459	0.22918	0.48857	True
LRIG1_g5	LRIG1	5802.5	4675.4	5802.5	4675.4	-0.31151	6.3511e+05	9.0249e+05	1.1864	0.11774	0.88226	0.23548	0.48857	False
LRIG1_g4	LRIG1	4135.5	3277	4135.5	3277	-0.33558	3.6847e+05	5.2894e+05	1.1804	0.11893	0.88107	0.23786	0.48857	False
CTRL0004_g4	CTRL	1553	1162.4	1553	1162.4	-0.4176	76269	1.1304e+05	1.1616	0.12269	0.87731	0.24538	0.49077	False
KRT20_g5	KRT20	4868.8	3921.3	4868.8	3921.3	-0.31217	4.4888e+05	6.8428e+05	1.1454	0.12602	0.87398	0.25204	0.49115	False
KRT20_g4	KRT20	1057.2	1334.7	1057.2	1334.7	0.33592	38488	61746	1.1165	0.8679	0.1321	0.26419	0.50197	True
ROSA26_g3	ROSA26	4306.5	3496.7	4306.5	3496.7	-0.30043	3.2787e+05	5.6386e+05	1.0784	0.14043	0.85957	0.28085	0.52061	False
CTRL0005_g5	CTRL	2080.4	1684.6	2080.4	1684.6	-0.30428	78321	1.7912e+05	0.93515	0.17486	0.82514	0.34971	0.62417	False
CCR5_g8	CCR5	3096.4	2573	3096.4	2573	-0.26704	1.3697e+05	3.3518e+05	0.90405	0.18298	0.81702	0.36597	0.62417	False
CCR5_g1	CCR5	1835.7	2175.6	1835.7	2175.6	0.24498	57777	1.4709e+05	0.88635	0.81228	0.18772	0.37543	0.62417	True
AAVS1_g9	AAVS1	892.5	699.89	892.5	699.89	-0.35029	18550	47320	0.88552	0.18794	0.81206	0.37587	0.62417	False
CCR5_g6	CCR5	2422.5	2006.1	2422.5	2006.1	-0.272	86709	2.2767e+05	0.87276	0.1914	0.8086	0.38279	0.62417	False
CCR5_g2	CCR5	3054.5	3551	3054.5	3551	0.21723	1.2326e+05	3.2805e+05	0.86689	0.807	0.193	0.386	0.62417	True
ROSA26_g4	ROSA26	2443.1	2069.8	2443.1	2069.8	-0.2391	69667	2.3072e+05	0.77711	0.21855	0.78145	0.43709	0.68415	False
AAVS1_g3	AAVS1	3199.4	2746.7	3199.4	2746.7	-0.22005	1.0249e+05	3.5292e+05	0.7621	0.223	0.777	0.446	0.68415	False
CCR5_g5	CCR5	1720.9	1450	1720.9	1450	-0.24696	36693	1.3287e+05	0.74319	0.22868	0.77132	0.45736	0.68415	False
KRT20_g3	KRT20	2796.3	2400.8	2796.3	2400.8	-0.21993	78218	2.8543e+05	0.74032	0.22955	0.77045	0.4591	0.68415	False
KRT20_g1	KRT20	3042.6	3437	3042.6	3437	0.17582	77799	3.2604e+05	0.69082	0.75516	0.24484	0.48968	0.71568	True
ROSA26_g10	ROSA26	2652.2	2990.8	2652.2	2990.8	0.1733	57336	2.6259e+05	0.66083	0.74564	0.25436	0.50872	0.72629	True
AAVS1_g5	AAVS1	2259.4	2552.7	2259.4	2552.7	0.17603	43019	2.0399e+05	0.64945	0.74197	0.25803	0.51605	0.72629	True
LRIG1_g2	LRIG1	1716.9	1498.8	1716.9	1498.8	-0.19588	23786	1.3238e+05	0.59946	0.27443	0.72557	0.54887	0.75057	False
ROSA26_g5	ROSA26	2388.5	2658.5	2388.5	2658.5	0.15447	36459	2.2265e+05	0.57229	0.71644	0.28356	0.56713	0.75057	True
CCR5_g4	CCR5	1282.9	1447.3	1282.9	1447.3	0.17375	13501	83701	0.56799	0.71498	0.28502	0.57004	0.75057	True
CCR5_g10	CCR5	2598.3	2314	2598.3	2314	-0.16714	40426	2.5424e+05	0.56393	0.2864	0.7136	0.5728	0.75057	False
CCR5_g7	CCR5	4829.2	4425.8	4829.2	4425.8	-0.1258	81340	6.7552e+05	0.49074	0.31181	0.68819	0.62361	0.80083	False
CTRL0001_g1	CTRL	2027.3	2225.8	2027.3	2225.8	0.13468	19695	1.7198e+05	0.47858	0.68388	0.31612	0.63224	0.80083	True
AAVS1_g7	AAVS1	1888	2054.9	1888	2054.9	0.12218	13936	1.5373e+05	0.42579	0.66487	0.33513	0.67026	0.83508	True
CTRL0008_g8	CTRL	2905.6	2687	2905.6	2687	-0.11281	23895	3.032e+05	0.39701	0.34568	0.65432	0.69136	0.84389	False
ROSA26_g7	ROSA26	3901.8	3633.7	3901.8	3633.7	-0.10268	35941	4.8259e+05	0.38594	0.34977	0.65023	0.69954	0.84389	False
AAVS1_g1	AAVS1	3627	3848	3627	3848	0.085307	24420	4.301e+05	0.33698	0.63193	0.36807	0.73613	0.87233	True
PROM1_g4	PROM1	4200.4	3962	4200.4	3962	-0.084286	28423	5.421e+05	0.32382	0.37304	0.62696	0.74607	0.87233	False
LRIG1_g6	LRIG1	1954.5	1835.2	1954.5	1835.2	-0.090821	7117.1	1.6235e+05	0.2961	0.38358	0.61642	0.76715	0.88339	False
PROM1_g2	PROM1	3277.8	3114.2	3277.8	3114.2	-0.073825	13376	3.6665e+05	0.27012	0.39353	0.60647	0.78707	0.8834	False
CTRL0009_g9	CTRL	2199.2	2305.8	2199.2	2305.8	0.068289	5686.9	1.9549e+05	0.24121	0.5953	0.4047	0.8094	0.8834	True
mKate2_g2	mKate2	1934.7	2030.5	1934.7	2030.5	0.069697	4589.7	1.5977e+05	0.2397	0.59472	0.40528	0.81057	0.8834	True
mKate2_g5	mKate2	2281.5	2174.3	2281.5	2174.3	-0.069452	5754.5	2.0715e+05	0.23571	0.40683	0.59317	0.81366	0.8834	False
ROSA26_g6	ROSA26	2832.7	2943.3	2832.7	2943.3	0.055238	6116.3	2.9131e+05	0.20492	0.58118	0.41882	0.83764	0.88662	True
ROSA26_g9	ROSA26	1222.7	1166.5	1222.7	1166.5	-0.067896	1582.4	77609	0.20195	0.41998	0.58002	0.83996	0.88662	False
CTRL0006_g6	CTRL	4074.5	3982.3	4074.5	3982.3	-0.032999	4246.9	5.1669e+05	0.12821	0.44899	0.55101	0.89798	0.93488	False
ROSA26_g8	ROSA26	1991.7	1968.1	1991.7	1968.1	-0.01719	278.55	1.6724e+05	0.057716	0.47699	0.52301	0.95397	0.97976	False
CTRL0002_g2	CTRL	1841.2	1854.2	1841.2	1854.2	0.010089	83.566	1.4779e+05	0.033629	0.51341	0.48659	0.97317	0.98615	True
AAVS1_g4	AAVS1	1194.2	1189.5	1194.2	1189.5	-0.0056712	10.994	74783	0.017155	0.49316	0.50684	0.98631	0.98631	False
