sgrna	Gene	control_count	treatment_count	control_mean	treat_mean	LFC	control_var	adj_var	score	p.low	p.high	p.twosided	FDR	high_in_treatment
EGFP_g2	EGFP	395.6	3595.1	395.6	3595.1	3.1807	5.1184e+06	15576	25.636	1	2.993e-145	5.986e-145	4.5494e-143	True
EGFP_g5	EGFP	390.16	3177.5	390.16	3177.5	3.0225	3.8845e+06	15276	22.551	1	6.5318e-113	1.3064e-112	4.9642e-111	True
EGFP_g1	EGFP	373.83	2678.5	373.83	2678.5	2.8377	2.6558e+06	14389	19.213	1	1.4461e-82	2.8921e-82	7.3268e-81	True
EGFP_g3	EGFP	267.67	2029.2	267.67	2029.2	2.9177	1.5515e+06	9018.8	18.549	1	4.1757e-77	8.3513e-77	1.5868e-75	True
EGFP_g4	EGFP	269.48	1873.3	269.48	1873.3	2.7927	1.2861e+06	9104.4	16.808	1	1.0626e-63	2.1251e-63	3.2302e-62	True
KRT20_g2	KRT20	563.46	2784.3	563.46	2784.3	2.3029	2.4661e+06	25558	13.892	1	3.5533e-44	7.1066e-44	9.0017e-43	True
KRT20_g5	KRT20	769.43	3447	769.43	3447	2.162	3.5846e+06	39549	13.464	1	1.2768e-41	2.5535e-41	2.7724e-40	True
KRT20_g3	KRT20	514.47	2287.6	514.47	2287.6	2.1505	1.572e+06	22500	11.821	1	1.524e-32	3.048e-32	2.8956e-31	True
EGFP_g6	EGFP	972.68	3424.7	972.68	3424.7	1.8149	3.0062e+06	54940	10.461	1	6.5105e-26	1.3021e-25	1.0995e-24	True
KRT20_g6	KRT20	412.84	1633.8	412.84	1633.8	1.982	7.4541e+05	16534	9.4957	1	1.0948e-21	2.1897e-21	1.6641e-20	True
KRT20_g1	KRT20	543.5	1903.4	543.5	1903.4	1.8063	9.246e+05	24298	8.7237	1	1.3462e-18	2.6924e-18	1.8602e-17	True
KRT20_g4	KRT20	261.32	1053.6	261.32	1053.6	2.0073	3.1384e+05	8721.1	8.4837	1	1.0936e-17	2.1872e-17	1.3852e-16	True
ROSA26_g6	ROSA26	2930.7	1983.5	2930.7	1983.5	-0.56295	4.4859e+05	2.5848e+05	1.8631	0.031227	0.96877	0.062453	0.36511	False
ROSA26_g1	ROSA26	6289.7	4761.2	6289.7	4761.2	-0.40161	1.1683e+06	7.5631e+05	1.7577	0.039401	0.9606	0.078803	0.38712	False
CTRL0003_g3	CTRL	5862.4	4454.9	5862.4	4454.9	-0.39602	9.9052e+05	6.8505e+05	1.7005	0.044515	0.95549	0.08903	0.38712	False
CCR5_g7	CCR5	3365.4	2440.2	3365.4	2440.2	-0.46362	4.2799e+05	3.1393e+05	1.6513	0.049341	0.95066	0.098682	0.38712	False
SOX9_g6	SOX9	3516.9	2590.5	3516.9	2590.5	-0.44091	4.2908e+05	3.3397e+05	1.603	0.054469	0.94553	0.10894	0.38712	False
PROM1_g6	PROM1	4505	3418	4505	3418	-0.39826	5.9076e+05	4.7302e+05	1.5804	0.057003	0.943	0.11401	0.38712	False
CCR5_g4	CCR5	1090.6	690.51	1090.6	690.51	-0.65867	80051	64509	1.5755	0.057575	0.94243	0.11515	0.38712	False
AAVS1_g8	AAVS1	2449.8	1763	2449.8	1763	-0.47441	2.3586e+05	2.0094e+05	1.5322	0.062737	0.93726	0.12547	0.38712	False
ROSA26_g5	ROSA26	1969.9	1381	1969.9	1381	-0.51205	1.7337e+05	1.4792e+05	1.531	0.062882	0.93712	0.12576	0.38712	False
AAVS1_g2	AAVS1	2224.8	1591.5	2224.8	1591.5	-0.48304	2.0054e+05	1.755e+05	1.5117	0.065299	0.9347	0.1306	0.38712	False
ROSA26_g2	ROSA26	2630.4	1947.9	2630.4	1947.9	-0.43317	2.3291e+05	2.2205e+05	1.4484	0.073756	0.92624	0.14751	0.38712	False
PROM1_g4	PROM1	3248.3	2462.4	3248.3	2462.4	-0.39946	3.088e+05	2.9869e+05	1.4379	0.075225	0.92477	0.15045	0.38712	False
AAVS1_g7	AAVS1	1355.6	934.41	1355.6	934.41	-0.5363	88691	87529	1.4236	0.077283	0.92272	0.15457	0.38712	False
CCR5_g8	CCR5	2086.9	1525.8	2086.9	1525.8	-0.45154	1.5742e+05	1.6041e+05	1.401	0.080614	0.91939	0.16123	0.38712	False
mKate2_g6	mKate2	5086.6	6135.5	5086.6	6135.5	0.27043	5.5009e+05	5.6109e+05	1.4003	0.91929	0.080713	0.16143	0.38712	True
LRIG1_g5	LRIG1	3710.2	2891.2	3710.2	2891.2	-0.35969	3.3532e+05	3.6005e+05	1.3648	0.086161	0.91384	0.17232	0.38712	False
PROM1_g5	PROM1	1849.2	1353.2	1849.2	1353.2	-0.45025	1.2301e+05	1.3535e+05	1.3482	0.088799	0.9112	0.1776	0.38712	False
AAVS1_g3	AAVS1	1603.3	1158.3	1603.3	1158.3	-0.46871	99019	1.1078e+05	1.337	0.090605	0.9094	0.18121	0.38712	False
AAVS1_g1	AAVS1	2215.7	1658.3	2215.7	1658.3	-0.41784	1.5536e+05	1.745e+05	1.3344	0.091036	0.90896	0.18207	0.38712	False
mKate2_g3	mKate2	3176.6	3890.2	3176.6	3890.2	0.29228	2.5461e+05	2.8947e+05	1.3263	0.90764	0.092363	0.18473	0.38712	True
CTRL0009_g9	CTRL	1895.5	1418.9	1895.5	1418.9	-0.41753	1.1356e+05	1.4014e+05	1.2731	0.1015	0.8985	0.20299	0.38712	False
ROSA26_g3	ROSA26	2982.5	2333.2	2982.5	2333.2	-0.35403	2.1074e+05	2.6491e+05	1.2613	0.10359	0.89641	0.20719	0.38712	False
CTRL0005_g5	CTRL	1858.3	1398.8	1858.3	1398.8	-0.40946	1.0553e+05	1.3629e+05	1.2444	0.10667	0.89333	0.21333	0.38712	False
CCR5_g2	CCR5	2184	1671.7	2184	1671.7	-0.38545	1.3122e+05	1.7099e+05	1.2389	0.10769	0.89231	0.21539	0.38712	False
CTRL0002_g2	CTRL	1788.4	1344.3	1788.4	1344.3	-0.41158	98623	1.2915e+05	1.2358	0.10826	0.89174	0.21652	0.38712	False
CTRL0010_g10	CTRL	2986.1	2361.1	2986.1	2361.1	-0.33867	1.9531e+05	2.6537e+05	1.2133	0.11252	0.88748	0.22503	0.38712	False
PROM1_g2	PROM1	3095.9	2456.9	3095.9	2456.9	-0.3334	2.0416e+05	2.7918e+05	1.2094	0.11326	0.88674	0.22652	0.38712	False
CCR5_g9	CCR5	1209.5	880.95	1209.5	880.95	-0.45682	53970	74585	1.203	0.11448	0.88552	0.22897	0.38712	False
CTRL0001_g1	CTRL	1793.8	1366.5	1793.8	1366.5	-0.39227	91289	1.297e+05	1.1865	0.11772	0.88228	0.23544	0.38712	False
AAVS1_g9	AAVS1	735.86	508.97	735.86	508.97	-0.53098	25739	37151	1.1774	0.11951	0.88049	0.23902	0.38712	False
AAVS1_g4	AAVS1	966.33	696.08	966.33	696.08	-0.47269	36518	54437	1.1584	0.12336	0.87664	0.24671	0.38712	False
CTRL0004_g4	CTRL	927.31	667.12	927.31	667.12	-0.4745	33850	51380	1.148	0.12549	0.87451	0.25098	0.38712	False
CTRL0006_g6	CTRL	3253.8	2628.4	3253.8	2628.4	-0.30782	1.9554e+05	2.9939e+05	1.1429	0.12654	0.87346	0.25307	0.38712	False
AAVS1_g5	AAVS1	1688.6	1295.3	1688.6	1295.3	-0.38231	77350	1.1914e+05	1.1395	0.12725	0.87275	0.2545	0.38712	False
ROSA26_g10	ROSA26	2026.1	1585.9	2026.1	1585.9	-0.35318	96875	1.5389e+05	1.1221	0.13092	0.86908	0.26183	0.38712	False
CCR5_g6	CCR5	1455.4	1107	1455.4	1107	-0.39439	60673	96707	1.1202	0.13132	0.86868	0.26264	0.38712	False
CTRL0007_g7	CTRL	2066.9	1623.8	2066.9	1623.8	-0.34793	98184	1.5826e+05	1.1139	0.13266	0.86734	0.26532	0.38712	False
AAVS1_g10	AAVS1	1028	757.33	1028	757.33	-0.44038	36638	59374	1.111	0.13329	0.86671	0.26658	0.38712	False
CTRL0008_g8	CTRL	2006.2	1579.3	2006.2	1579.3	-0.34499	91118	1.5176e+05	1.0958	0.13658	0.86342	0.27316	0.38712	False
CCR5_g1	CCR5	1394.6	1064.7	1394.6	1064.7	-0.38905	54410	91085	1.093	0.13719	0.86281	0.27438	0.38712	False
ROSA26_g4	ROSA26	2253.9	1796.4	2253.9	1796.4	-0.3271	1.0462e+05	1.7873e+05	1.082	0.13963	0.86037	0.27926	0.38712	False
ROSA26_g8	ROSA26	1653.2	1288.6	1653.2	1288.6	-0.35923	66472	1.1565e+05	1.0722	0.14183	0.85817	0.28365	0.38712	False
LRIG1_g6	LRIG1	1362.8	1044.7	1362.8	1044.7	-0.38324	50615	88187	1.0714	0.14199	0.85801	0.28398	0.38712	False
CCR5_g3	CCR5	1322.9	1017.9	1322.9	1017.9	-0.37774	46504	84583	1.0486	0.14717	0.85283	0.29435	0.38712	False
mKate2_g5	mKate2	2592.3	3078.3	2592.3	3078.3	0.24783	1.1811e+05	2.1754e+05	1.0421	0.85131	0.14869	0.29738	0.38712	True
ROSA26_g7	ROSA26	1932.7	1538.1	1932.7	1538.1	-0.32929	77856	1.4401e+05	1.0398	0.14921	0.85079	0.29842	0.38712	False
LRIG1_g4	LRIG1	2465.3	1999.1	2465.3	1999.1	-0.30223	1.0864e+05	2.0272e+05	1.0353	0.15026	0.84974	0.30053	0.38712	False
LRIG1_g2	LRIG1	1216.8	941.1	1216.8	941.1	-0.37028	37994	75214	1.0052	0.15741	0.84259	0.31482	0.38927	False
mKate2_g2	mKate2	3736.5	4340.2	3736.5	4340.2	0.21603	1.8223e+05	3.6365e+05	1.0011	0.84162	0.15838	0.31677	0.38927	True
PROM1_g3	PROM1	1913.6	1536.9	1913.6	1536.9	-0.31605	70938	1.4202e+05	0.99948	0.15878	0.84122	0.31756	0.38927	False
CCR5_g5	CCR5	1560.6	1268.5	1560.6	1268.5	-0.29877	42664	1.0667e+05	0.89441	0.18555	0.81445	0.3711	0.44768	False
SOX9_g3	SOX9	1055.2	838.63	1055.2	838.63	-0.33112	23461	61592	0.87286	0.19137	0.80863	0.38274	0.4512	False
LRIG1_g1	LRIG1	2035.2	1694	2035.2	1694	-0.26461	58213	1.5486e+05	0.86708	0.19295	0.80705	0.3859	0.4512	False
LRIG1_g3	LRIG1	1369.2	1140.5	1369.2	1140.5	-0.26351	26161	88765	0.76776	0.22132	0.77868	0.44263	0.50416	False
AAVS1_g6	AAVS1	819.34	660.44	819.34	660.44	-0.31061	12624	43192	0.76468	0.22223	0.77777	0.44446	0.50416	False
ROSA26_g9	ROSA26	734.95	598.07	734.95	598.07	-0.29689	9368.6	37087	0.71096	0.23856	0.76144	0.47711	0.52866	False
CCR5_g10	CCR5	1726.7	1479	1726.7	1479	-0.22322	30668	1.2294e+05	0.70635	0.23998	0.76002	0.47997	0.52866	False
PROM1_g1	PROM1	1886.4	1628.3	1886.4	1628.3	-0.21217	33312	1.3919e+05	0.69184	0.24452	0.75548	0.48904	0.53095	False
mKate2_g1	mKate2	3046.9	3361.2	3046.9	3361.2	0.14161	49403	2.7299e+05	0.60162	0.72629	0.27371	0.54743	0.58598	True
SOX9_g4	SOX9	1112.4	1055.8	1112.4	1055.8	-0.075271	1601.9	66323	0.2198	0.41302	0.58698	0.82603	0.86685	False
mKate2_g4	mKate2	2390.9	2480.3	2390.9	2480.3	0.052936	3995.7	1.9417e+05	0.20287	0.58038	0.41962	0.83924	0.86685	True
SOX9_g2	SOX9	1448.1	1509.1	1448.1	1509.1	0.059452	1858.3	96030	0.19673	0.57798	0.42202	0.84404	0.86685	True
SOX9_g1	SOX9	1755.7	1691.7	1755.7	1691.7	-0.053521	2046.5	1.2585e+05	0.18034	0.42844	0.57156	0.85688	0.86831	False
SOX9_g5	SOX9	1850.1	1834.3	1850.1	1834.3	-0.012355	124.58	1.3545e+05	0.042889	0.48289	0.51711	0.96579	0.96579	False
