sgrna	Gene	control_count	treatment_count	control_mean	treat_mean	LFC	control_var	adj_var	score	p.low	p.high	p.twosided	FDR	high_in_treatment
EGFP_g2	EGFP	4518.5	952.68	4518.5	952.68	-2.2446	6.3574e+06	1.8944e+05	8.1925	1.2797e-16	1	2.5595e-16	1.9452e-14	False
EGFP_g5	EGFP	4041.4	774.93	4041.4	774.93	-2.3812	5.3348e+06	1.6685e+05	7.9968	6.3856e-16	1	1.2771e-15	4.8531e-14	False
EGFP_g1	EGFP	3318.9	615.09	3318.9	615.09	-2.4299	3.6553e+06	1.3334e+05	7.4044	6.5861e-14	1	1.3172e-13	3.337e-12	False
mKate2_g6	mKate2	2183.5	4169.4	2183.5	4169.4	0.93286	1.9718e+06	82802	6.9013	1	2.5764e-12	5.1529e-12	9.7905e-11	True
EGFP_g3	EGFP	2584.9	627.87	2584.9	627.87	-2.0398	1.915e+06	1.0033e+05	6.1785	3.2358e-10	1	6.4716e-10	9.8369e-09	False
EGFP_g6	EGFP	4454.2	2045.4	4454.2	2045.4	-1.1224	2.9013e+06	1.8638e+05	5.5797	1.2049e-08	1	2.4099e-08	2.6458e-07	False
EGFP_g4	EGFP	2130.8	547.95	2130.8	547.95	-1.9573	1.2527e+06	80530	5.5777	1.2185e-08	1	2.4369e-08	2.6458e-07	False
mKate2_g3	mKate2	1518.4	2656.6	1518.4	2656.6	0.80666	6.4781e+05	54767	4.8638	1	5.7574e-07	1.1515e-06	1.0939e-05	True
mKate2_g2	mKate2	1587.2	2732.1	1587.2	2732.1	0.78314	6.5538e+05	57600	4.7704	1	9.1941e-07	1.8388e-06	1.5528e-05	True
CTRL0003_g3	CTRL	6977.2	9404.7	6977.2	9404.7	0.43067	2.9463e+06	3.1065e+05	4.3552	0.99999	6.6463e-06	1.3293e-05	0.00010102	True
SOX9_g5	SOX9	2302.8	1051.1	2302.8	1051.1	-1.1307	7.8333e+05	87968	4.2201	1.2209e-05	0.99999	2.4417e-05	0.0001687	False
SOX9_g6	SOX9	3213.4	1985.9	3213.4	1985.9	-0.694	7.5332e+05	1.2853e+05	3.4238	0.00030878	0.99969	0.00061755	0.0039112	False
mKate2_g1	mKate2	1442.7	2117	1442.7	2117	0.55293	2.2734e+05	51672	2.9664	0.99849	0.0015067	0.0030134	0.017617	True
CTRL0010_g10	CTRL	4027.6	5163	4027.6	5163	0.35821	6.4456e+05	1.662e+05	2.785	0.99732	0.0026761	0.0053522	0.029055	True
CTRL0009_g9	CTRL	2378.5	3181.6	2378.5	3181.6	0.41954	3.2246e+05	91265	2.6583	0.99607	0.003927	0.0078541	0.039794	True
SOX9_g1	SOX9	2486.3	1691.8	2486.3	1691.8	-0.55516	3.1561e+05	95987	2.5644	0.005168	0.99483	0.010336	0.049096	False
PROM1_g2	PROM1	3773	4762.8	3773	4762.8	0.336	4.8979e+05	1.543e+05	2.5197	0.99413	0.0058735	0.011747	0.050727	True
CCR5_g5	CCR5	1873.9	2536.4	1873.9	2536.4	0.43656	2.1947e+05	69578	2.5117	0.99399	0.0060072	0.012014	0.050727	True
CTRL0005_g5	CTRL	2458.8	3217.4	2458.8	3217.4	0.38781	2.8774e+05	94779	2.4641	0.99313	0.006868	0.013736	0.054944	True
LRIG1_g4	LRIG1	3353.3	4218.6	3353.3	4218.6	0.33111	3.7442e+05	1.3492e+05	2.3559	0.99076	0.0092381	0.018476	0.07021	True
SOX9_g4	SOX9	1137.6	677.75	1137.6	677.75	-0.74637	1.0575e+05	39436	2.3159	0.010283	0.98972	0.020565	0.074427	False
SOX9_g2	SOX9	1768.4	1207.8	1768.4	1207.8	-0.54968	1.5713e+05	65138	2.1965	0.014028	0.98597	0.028056	0.09692	False
AAVS1_g8	AAVS1	4213.4	3358	4213.4	3358	-0.32728	3.6582e+05	1.7495e+05	2.045	0.020429	0.97957	0.040857	0.13501	False
CTRL0001_g1	CTRL	2259.2	2844.6	2259.2	2844.6	0.33227	1.7134e+05	86076	1.9953	0.97699	0.023007	0.046014	0.14443	True
CCR5_g7	CCR5	3566.6	4317.1	3566.6	4317.1	0.27545	2.8163e+05	1.4473e+05	1.9728	0.97574	0.024259	0.048517	0.14443	True
CTRL0004_g4	CTRL	1160.6	1553.7	1160.6	1553.7	0.42055	77272	40342	1.9573	0.97484	0.025158	0.050316	0.14443	True
SOX9_g3	SOX9	995.44	637.46	995.44	637.46	-0.64217	64072	33879	1.9449	0.025896	0.9741	0.051793	0.14443	False
CTRL0008_g8	CTRL	2633.1	3251.9	2633.1	3251.9	0.30442	1.9146e+05	1.0246e+05	1.9332	0.97339	0.026606	0.053212	0.14443	True
ROSA26_g10	ROSA26	2309.7	2877.2	2309.7	2877.2	0.31686	1.6105e+05	88267	1.9103	0.97195	0.02805	0.0561	0.14702	True
ROSA26_g2	ROSA26	3484	4192.4	3484	4192.4	0.26696	2.5092e+05	1.4092e+05	1.8871	0.97043	0.029573	0.059146	0.14984	True
mKate2_g5	mKate2	1178.9	1540.3	1178.9	1540.3	0.38542	65285	41068	1.7831	0.96271	0.037286	0.074573	0.18282	True
ROSA26_g6	ROSA26	3511.5	4149	3511.5	4149	0.24058	2.0314e+05	1.4219e+05	1.6904	0.95452	0.045477	0.090955	0.20972	True
mKate2_g4	mKate2	1594.1	2000.6	1594.1	2000.6	0.32755	82643	57884	1.6898	0.95447	0.045532	0.091064	0.20972	True
CCR5_g8	CCR5	2128.5	2583.1	2128.5	2583.1	0.27916	1.0334e+05	80431	1.603	0.94553	0.054468	0.10894	0.2435	True
AAVS1_g2	AAVS1	2766.1	3262.8	2766.1	3262.8	0.23815	1.2333e+05	1.0837e+05	1.5087	0.93431	0.065694	0.13139	0.28323	True
LRIG1_g1	LRIG1	2715.7	3199.5	2715.7	3199.5	0.23645	1.1704e+05	1.0613e+05	1.4851	0.93124	0.068755	0.13751	0.28323	True
CTRL0007_g7	CTRL	2933.6	3438.6	2933.6	3438.6	0.2291	1.2753e+05	1.1587e+05	1.4837	0.93106	0.068945	0.13789	0.28323	True
CTRL0002_g2	CTRL	2227.1	2590.1	2227.1	2590.1	0.21776	65892	84685	1.2475	0.89389	0.10611	0.21223	0.41486	True
KRT20_g5	KRT20	3839.5	4333.7	3839.5	4333.7	0.17463	1.2211e+05	1.574e+05	1.2457	0.89356	0.10644	0.21289	0.41486	True
KRT20_g1	KRT20	2137.7	1796	2137.7	1796	-0.2511	58359	80826	1.2017	0.11474	0.88526	0.22948	0.42725	False
KRT20_g6	KRT20	1919.8	1599.1	1919.8	1599.1	-0.26353	51416	71519	1.1991	0.11525	0.88475	0.23049	0.42725	False
AAVS1_g10	AAVS1	1399.1	1657.9	1399.1	1657.9	0.2447	33490	49900	1.1586	0.87668	0.12332	0.24664	0.44492	True
CCR5_g1	CCR5	1646.8	1927.7	1646.8	1927.7	0.22709	39455	60068	1.1462	0.87414	0.12586	0.25173	0.44492	True
PROM1_g5	PROM1	2344.1	2011.5	2344.1	2011.5	-0.22066	55309	89765	1.1101	0.13348	0.86652	0.26696	0.45065	False
AAVS1_g3	AAVS1	2312	1983.4	2312	1983.4	-0.22108	53994	88367	1.1055	0.13448	0.86552	0.26896	0.45065	False
ROSA26_g3	ROSA26	4059.7	3610.6	4059.7	3610.6	-0.1691	1.0086e+05	1.6771e+05	1.0967	0.13638	0.86362	0.27276	0.45065	False
AAVS1_g7	AAVS1	1646.8	1900.9	1646.8	1900.9	0.20686	32272	60068	1.0366	0.85004	0.14996	0.29993	0.48064	True
ROSA26_g1	ROSA26	8250.2	8881	8250.2	8881	0.10629	1.9897e+05	3.7596e+05	1.0288	0.84822	0.15178	0.30356	0.48064	True
ROSA26_g4	ROSA26	2763.8	3086.9	2763.8	3086.9	0.15946	52201	1.0827e+05	0.98197	0.83694	0.16306	0.32611	0.49799	True
LRIG1_g2	LRIG1	1756.9	2002.5	1756.9	2002.5	0.18868	30166	64658	0.96596	0.83297	0.16703	0.33406	0.49799	True
PROM1_g1	PROM1	2516.1	2816.5	2516.1	2816.5	0.16263	45110	97298	0.96294	0.83221	0.16779	0.33558	0.49799	True
AAVS1_g1	AAVS1	3364.8	3016	3364.8	3016	-0.15783	60827	1.3544e+05	0.94774	0.17163	0.82837	0.34326	0.49799	False
CCR5_g10	CCR5	2160.6	2427.1	2160.6	2427.1	0.16773	35510	81813	0.9317	0.82425	0.17575	0.35149	0.49799	True
CCR5_g9	CCR5	1536.7	1753.8	1536.7	1753.8	0.19052	23565	55521	0.92133	0.82156	0.17844	0.35688	0.49799	True
PROM1_g3	PROM1	2669.8	2375.9	2669.8	2375.9	-0.16816	43171	1.0409e+05	0.91078	0.18121	0.81879	0.36241	0.49799	False
KRT20_g3	KRT20	2130.8	2386.8	2130.8	2386.8	0.16363	32776	80530	0.90222	0.81653	0.18347	0.36694	0.49799	True
KRT20_g4	KRT20	1103.2	1275.6	1103.2	1275.6	0.20922	14849	38082	0.88309	0.81141	0.18859	0.37719	0.50292	True
ROSA26_g8	ROSA26	2295.9	2539.6	2295.9	2539.6	0.14548	29695	87669	0.82307	0.79477	0.20523	0.41047	0.53786	True
AAVS1_g9	AAVS1	1142.2	994.88	1142.2	994.88	-0.19907	10856	39617	0.7403	0.22956	0.77044	0.45912	0.59141	False
CCR5_g6	CCR5	2286.7	2081.8	2286.7	2081.8	-0.13539	20996	87270	0.69367	0.24394	0.75606	0.48789	0.61799	False
CCR5_g2	CCR5	3286.8	3512.1	3286.8	3512.1	0.095645	25392	1.3187e+05	0.62056	0.73256	0.26744	0.53489	0.66251	True
ROSA26_g7	ROSA26	3133.1	3345.2	3133.1	3345.2	0.094493	22503	1.2488e+05	0.60033	0.72586	0.27414	0.54828	0.66251	True
AAVS1_g5	AAVS1	2261.5	2436	2261.5	2436	0.1072	15230	86175	0.59452	0.72392	0.27608	0.55216	0.66251	True
CCR5_g3	CCR5	1651.4	1792.2	1651.4	1792.2	0.11795	9908.7	60259	0.57347	0.71684	0.28316	0.56632	0.66251	True
PROM1_g6	PROM1	6268.5	5968	6268.5	5968	-0.070861	45150	2.7499e+05	0.57304	0.28331	0.71669	0.56662	0.66251	False
CTRL0006_g6	CTRL	5002.4	4751.9	5002.4	4751.9	-0.074107	31380	2.1271e+05	0.54319	0.2935	0.7065	0.587	0.66766	False
LRIG1_g6	LRIG1	1864.7	1722.5	1864.7	1722.5	-0.1144	10114	69190	0.5407	0.29436	0.70564	0.58872	0.66766	False
PROM1_g4	PROM1	4568.9	4337.6	4568.9	4337.6	-0.074947	26760	1.9185e+05	0.52817	0.29869	0.70131	0.59738	0.66766	False
LRIG1_g3	LRIG1	1974.8	2104.2	1974.8	2104.2	0.091513	8371	73857	0.47611	0.683	0.317	0.634	0.69195	True
LRIG1_g5	LRIG1	5431.3	5659.2	5431.3	5659.2	0.059278	25959	2.3359e+05	0.47145	0.68134	0.31866	0.63732	0.69195	True
AAVS1_g6	AAVS1	970.21	893.86	970.21	893.86	-0.11812	2914.6	32904	0.42091	0.33691	0.66309	0.67382	0.72128	False
AAVS1_g4	AAVS1	1300.5	1214.2	1300.5	1214.2	-0.098984	3724	45918	0.40274	0.34357	0.65643	0.68714	0.72531	False
KRT20_g2	KRT20	3050.5	2933.5	3050.5	2933.5	-0.056425	6849.5	1.2114e+05	0.33628	0.36833	0.63167	0.73666	0.76693	False
ROSA26_g5	ROSA26	2467.9	2369.6	2467.9	2369.6	-0.058673	4840.9	95181	0.31893	0.37489	0.62511	0.74978	0.77004	False
ROSA26_g9	ROSA26	949.56	1003.8	949.56	1003.8	0.080097	1472.5	32108	0.30285	0.619	0.381	0.762	0.77216	True
CCR5_g4	CCR5	1204.2	1241	1204.2	1241	0.043493	680.25	42069	0.17983	0.57136	0.42864	0.85728	0.85728	True
