sgrna	Gene	control_count	treatment_count	control_mean	treat_mean	LFC	control_var	adj_var	score	p.low	p.high	p.twosided	FDR	high_in_treatment
EGFP_g6	EGFP	2467.5	3696.2	2467.5	3696.2	0.58278	7.5479e+05	40735	6.0876	1	5.7301e-10	1.146e-09	8.7097e-08	True
SOX9_g6	SOX9	1064	1601.1	1064	1601.1	0.5891	1.4423e+05	14489	4.4619	1	4.0621e-06	8.1242e-06	0.00030872	True
EGFP_g4	EGFP	1275.5	1817.7	1275.5	1817.7	0.51073	1.47e+05	18101	4.0301	0.99997	2.7874e-05	5.5748e-05	0.0014123	True
EGFP_g3	EGFP	1704.2	2339.6	1704.2	2339.6	0.4569	2.0183e+05	25841	3.9524	0.99996	3.8693e-05	7.7387e-05	0.0014704	True
SOX9_g1	SOX9	1081.3	1475.7	1081.3	1475.7	0.4482	77750	14780	3.2436	0.99941	0.00059007	0.0011801	0.017938	True
ROSA26_g5	ROSA26	893	559.87	893	559.87	-0.6726	55486	11687	3.0815	0.0010299	0.99897	0.0020598	0.026091	False
SOX9_g3	SOX9	308.95	477.54	308.95	477.54	0.62657	14210	3187.6	2.9859	0.99859	0.0014136	0.0028273	0.027149	True
LRIG1_g1	LRIG1	1061.5	703.01	1061.5	703.01	-0.59383	64265	14448	2.9826	0.0014289	0.99857	0.0028578	0.027149	False
CCR5_g4	CCR5	299.87	462.34	299.87	462.34	0.62293	13198	3073.5	2.9306	0.99831	0.0016916	0.0033832	0.02857	True
SOX9_g4	SOX9	454.35	656.14	454.35	656.14	0.52924	20360	5107.6	2.8236	0.99763	0.0023746	0.0047492	0.036094	True
EGFP_g2	EGFP	3338.2	3995.1	3338.2	3995.1	0.25909	2.1576e+05	59091	2.7023	0.99656	0.0034428	0.0068856	0.047573	True
AAVS1_g10	AAVS1	372.56	529.47	372.56	529.47	0.50592	12310	4007	2.4788	0.99341	0.0065919	0.013184	0.083497	True
CCR5_g7	CCR5	1422.5	1075.4	1422.5	1075.4	-0.40323	60241	20696	2.4128	0.0079159	0.99208	0.015832	0.092555	False
LRIG1_g2	LRIG1	546.87	355.94	546.87	355.94	-0.61816	18227	6408.1	2.3851	0.0085365	0.99146	0.017073	0.092682	False
SOX9_g2	SOX9	1043.3	1321.1	1043.3	1321.1	0.34028	38587	14145	2.3358	0.99025	0.0097512	0.019502	0.094948	True
CTRL0009_g9	CTRL	737.69	961.41	737.69	961.41	0.38167	25024	9246.3	2.3266	0.99001	0.0099945	0.019989	0.094948	True
SOX9_g5	SOX9	1278	1579.5	1278	1579.5	0.30546	45480	18144	2.239	0.98742	0.012577	0.025154	0.11245	True
CTRL0010_g10	CTRL	1464.6	1140	1464.6	1140	-0.36123	52694	21452	2.2165	0.013329	0.98667	0.026658	0.11256	False
EGFP_g5	EGFP	3005.3	3503.6	3005.3	3503.6	0.22128	1.2417e+05	51921	2.187	0.98563	0.014371	0.028741	0.11497	True
CTRL0004_g4	CTRL	581.56	409.14	581.56	409.14	-0.50631	14865	6909.4	2.0744	0.019023	0.98098	0.038046	0.14458	False
LRIG1_g5	LRIG1	1603.4	1300.9	1603.4	1300.9	-0.30147	45768	23976	1.9539	0.025354	0.97465	0.050708	0.18351	False
AAVS1_g5	AAVS1	742.65	559.87	742.65	559.87	-0.40695	16704	9322.5	1.893	0.029177	0.97082	0.058354	0.20159	False
CTRL0001_g1	CTRL	794.69	610.54	794.69	610.54	-0.37977	16956	10130	1.8297	0.033645	0.96635	0.067291	0.22235	False
mKate2_g3	mKate2	694.74	529.47	694.74	529.47	-0.39127	13656	8590.8	1.783	0.037289	0.96271	0.074578	0.23616	False
AAVS1_g2	AAVS1	912.82	722.01	912.82	722.01	-0.33791	18205	12006	1.7415	0.0408	0.9592	0.0816	0.23905	False
LRIG1_g6	LRIG1	526.21	390.14	526.21	390.14	-0.43072	9258.7	6113.1	1.7404	0.040891	0.95911	0.081782	0.23905	False
LRIG1_g3	LRIG1	591.48	447.14	591.48	447.14	-0.40282	10417	7053.9	1.7186	0.042846	0.95715	0.085691	0.24121	False
LRIG1_g4	LRIG1	1076.4	870.21	1076.4	870.21	-0.30645	21255	14697	1.7007	0.044497	0.9555	0.088994	0.24155	False
ROSA26_g4	ROSA26	806.26	635.87	806.26	635.87	-0.34203	14516	10311	1.678	0.046674	0.95333	0.093348	0.24463	False
CCR5_g10	CCR5	517.95	634.6	517.95	634.6	0.29252	6803.7	5995.8	1.5065	0.93403	0.065972	0.13194	0.33199	True
CCR5_g2	CCR5	1048.3	870.21	1048.3	870.21	-0.26834	15858	14227	1.4931	0.067709	0.93229	0.13542	0.33199	False
PROM1_g3	PROM1	699.69	563.67	699.69	563.67	-0.31137	9250.9	8666	1.4612	0.071986	0.92801	0.14397	0.34193	False
PROM1_g1	PROM1	797.17	654.87	797.17	654.87	-0.28328	10124	10168	1.4112	0.079099	0.9209	0.1582	0.35547	False
CCR5_g9	CCR5	464.26	362.27	464.26	362.27	-0.35699	5200.9	5244.2	1.4084	0.079513	0.92049	0.15903	0.35547	False
PROM1_g4	PROM1	1192	1018.4	1192	1018.4	-0.22691	15074	16658	1.3453	0.089267	0.91073	0.17853	0.38768	False
mKate2_g6	mKate2	1223.4	1052.6	1223.4	1052.6	-0.21677	14590	17198	1.3026	0.096362	0.90364	0.19272	0.39426	False
KRT20_g4	KRT20	367.61	286.27	367.61	286.27	-0.35968	3307.9	3941.9	1.2955	0.097572	0.90243	0.19514	0.39426	False
ROSA26_g7	ROSA26	870.69	733.41	870.69	733.41	-0.24724	9423.7	11330	1.2898	0.098565	0.90143	0.19713	0.39426	False
ROSA26_g1	ROSA26	2223	1986.1	2223	1986.1	-0.16245	28047	35827	1.2513	0.10542	0.89458	0.21084	0.41086	False
CCR5_g1	CCR5	555.95	462.34	555.95	462.34	-0.2655	4382.1	6538.7	1.1577	0.12349	0.87651	0.24697	0.46925	False
CCR5_g8	CCR5	827.73	719.47	827.73	719.47	-0.20197	5860.4	10648	1.0492	0.14705	0.85295	0.29411	0.53414	False
ROSA26_g6	ROSA26	1300.3	1157.7	1300.3	1157.7	-0.16734	10155	18534	1.0468	0.14759	0.85241	0.29518	0.53414	False
ROSA26_g8	ROSA26	670.78	578.87	670.78	578.87	-0.21225	4223.6	8229.3	1.0131	0.15549	0.84451	0.31099	0.54965	False
AAVS1_g7	AAVS1	456	387.6	456	387.6	-0.23389	2338.9	5130.3	0.95489	0.16982	0.83018	0.33964	0.57263	False
CTRL0008_g8	CTRL	996.26	886.67	996.26	886.67	-0.16793	6004.1	13366	0.94786	0.1716	0.8284	0.3432	0.57263	False
AAVS1_g9	AAVS1	234.61	190	234.61	190	-0.3028	994.85	2277.9	0.93461	0.17499	0.82501	0.34999	0.57263	False
CCR5_g6	CCR5	536.95	463.6	536.95	463.6	-0.21148	2690.1	6266.2	0.92662	0.17706	0.82294	0.35412	0.57263	False
ROSA26_g2	ROSA26	1022.7	920.87	1022.7	920.87	-0.15114	5183.3	13802	0.86665	0.19307	0.80693	0.38613	0.61138	False
KRT20_g1	KRT20	509.69	444.6	509.69	444.6	-0.1967	2118.3	5879	0.84891	0.19797	0.80203	0.39593	0.6141	False
AAVS1_g8	AAVS1	904.56	814.47	904.56	814.47	-0.15117	4057.9	11873	0.82678	0.20418	0.79582	0.40836	0.62071	False
KRT20_g2	KRT20	977.26	899.34	977.26	899.34	-0.11974	3035.4	13054	0.68196	0.24763	0.75237	0.49526	0.73709	False
KRT20_g3	KRT20	748.43	813.21	748.43	813.21	0.1196	2097.9	9411.5	0.6677	0.74784	0.25216	0.50433	0.73709	True
mKate2_g2	mKate2	831.04	765.07	831.04	765.07	-0.11917	2175.8	10700	0.63771	0.26183	0.73817	0.52366	0.75091	False
KRT20_g5	KRT20	1120.2	1048.8	1120.2	1048.8	-0.094877	2546.1	15434	0.57441	0.28285	0.71715	0.56569	0.78679	False
CTRL0003_g3	CTRL	2344.4	2233.2	2344.4	2233.2	-0.070122	6190.8	38249	0.56895	0.28469	0.71531	0.56939	0.78679	False
PROM1_g6	PROM1	1652.2	1568.1	1652.2	1568.1	-0.075252	3529.7	24874	0.53273	0.29711	0.70289	0.59422	0.79841	False
CTRL0006_g6	CTRL	1485.3	1408.5	1485.3	1408.5	-0.076494	2945.5	21824	0.51955	0.30169	0.69831	0.60338	0.79841	False
CTRL0002_g2	CTRL	660.87	706.81	660.87	706.81	0.096813	1055.2	8080.5	0.51105	0.69534	0.30466	0.60932	0.79841	True
mKate2_g1	mKate2	665.82	630.8	665.82	630.8	-0.077824	613.13	8154.8	0.38778	0.34909	0.65091	0.69818	0.8659	False
EGFP_g1	EGFP	2499.7	2577.7	2499.7	2577.7	0.044289	3038.9	41390	0.3832	0.64921	0.35079	0.70157	0.8659	True
ROSA26_g10	ROSA26	829.39	790.41	829.39	790.41	-0.069366	759.76	10674	0.3773	0.35298	0.64702	0.70595	0.8659	False
KRT20_g6	KRT20	459.3	486.4	459.3	486.4	0.082536	367.25	5175.8	0.37671	0.64681	0.35319	0.70639	0.8659	True
AAVS1_g6	AAVS1	264.35	247	264.35	247	-0.097526	150.42	2635	0.33789	0.36772	0.63228	0.73545	0.87073	False
PROM1_g2	PROM1	1462.2	1508.6	1462.2	1508.6	0.045083	1078.6	21407	0.31744	0.62454	0.37546	0.75091	0.87073	True
AAVS1_g4	AAVS1	340.35	321.74	340.35	321.74	-0.080882	173.17	3587.6	0.31071	0.37801	0.62199	0.75602	0.87073	False
PROM1_g5	PROM1	584.87	610.54	584.87	610.54	0.06187	329.51	6957.5	0.30777	0.62087	0.37913	0.75826	0.87073	True
CCR5_g5	CCR5	642.69	668.81	642.69	668.81	0.05737	340.94	7809.1	0.2955	0.61619	0.38381	0.76762	0.87073	True
AAVS1_g1	AAVS1	834.34	814.47	834.34	814.47	-0.034733	197.42	10753	0.19163	0.42402	0.57598	0.84803	0.9365	False
CTRL0007_g7	CTRL	1089.6	1066.5	1089.6	1066.5	-0.030834	265.92	14918	0.18881	0.42512	0.57488	0.85024	0.9365	False
AAVS1_g3	AAVS1	670.78	657.41	670.78	657.41	-0.029012	89.434	8229.3	0.14743	0.4414	0.5586	0.88279	0.94546	False
ROSA26_g9	ROSA26	376.69	367.34	376.69	367.34	-0.036194	43.782	4061.3	0.14684	0.44163	0.55837	0.88326	0.94546	False
CCR5_g3	CCR5	536.95	547.2	536.95	547.2	0.027231	52.535	6266.2	0.12949	0.55152	0.44848	0.89697	0.9468	True
mKate2_g5	mKate2	448.56	440.8	448.56	440.8	-0.025119	30.105	5028.1	0.10943	0.45643	0.54357	0.91286	0.95038	False
CTRL0005_g5	CTRL	899.6	894.27	899.6	894.27	-0.0085646	14.208	11793	0.049087	0.48043	0.51957	0.96085	0.97908	False
mKate2_g4	mKate2	575.78	578.87	575.78	578.87	0.0077119	4.7784	6825.3	0.037419	0.51492	0.48508	0.97015	0.97908	True
ROSA26_g3	ROSA26	1031.8	1034.9	1031.8	1034.9	0.00432	4.7963	13953	0.02622	0.51046	0.48954	0.97908	0.97908	True
