sgrna	Gene	control_count	treatment_count	control_mean	treat_mean	LFC	control_var	adj_var	score	p.low	p.high	p.twosided	FDR	high_in_treatment
CTRL0004_g4	CTRL	602.94	318.36	602.94	318.36	-0.91919	40491	1.5793e+06	1.0874	0.13844	0.86156	0.27688	0.73516	False
ROSA26_g6	ROSA26	1348	758.07	1348	758.07	-0.82963	1.7403e+05	9.4927e+06	1.0835	0.1393	0.8607	0.27859	0.73516	False
CCR5_g2	CCR5	1086.8	604.29	1086.8	604.29	-0.84575	1.1642e+05	5.8731e+06	1.0807	0.13992	0.86008	0.27984	0.73516	False
ROSA26_g5	ROSA26	925.81	526.2	925.81	526.2	-0.81393	79845	4.1081e+06	1.0587	0.14486	0.85514	0.28971	0.73516	False
ROSA26_g3	ROSA26	1069.7	710.01	1069.7	710.01	-0.5906	64687	5.6687e+06	0.96082	0.16832	0.83168	0.33664	0.73516	False
AAVS1_g5	AAVS1	769.94	503.38	769.94	503.38	-0.61212	35529	2.7237e+06	0.95478	0.16984	0.83016	0.33969	0.73516	False
LRIG1_g3	LRIG1	613.21	404.86	613.21	404.86	-0.59775	21705	1.64e+06	0.93653	0.1745	0.8255	0.349	0.73516	False
LRIG1_g1	LRIG1	1100.5	766.48	1100.5	766.48	-0.52131	55795	6.0394e+06	0.92857	0.17656	0.82344	0.35311	0.73516	False
LRIG1_g6	LRIG1	545.55	364.02	545.55	364.02	-0.5824	16478	1.2638e+06	0.9232	0.17795	0.82205	0.3559	0.73516	False
AAVS1_g1	AAVS1	865.01	605.49	865.01	605.49	-0.51389	33674	3.5308e+06	0.91246	0.18076	0.81924	0.36153	0.73516	False
ROSA26_g1	ROSA26	2304.7	1772	2304.7	1772	-0.37898	1.4186e+05	3.1377e+07	0.89809	0.18457	0.81543	0.36914	0.73516	False
CCR5_g7	CCR5	1474.8	1141.3	1474.8	1141.3	-0.36954	55607	1.1598e+07	0.86866	0.19252	0.80748	0.38503	0.73516	False
LRIG1_g5	LRIG1	1662.4	1298.7	1662.4	1298.7	-0.35593	66128	1.5146e+07	0.86842	0.19258	0.80742	0.38517	0.73516	False
CCR5_g6	CCR5	556.69	403.66	556.69	403.66	-0.46274	11708	1.322e+06	0.86394	0.19381	0.80619	0.38762	0.73516	False
AAVS1_g3	AAVS1	695.43	523.8	695.43	523.8	-0.40822	14729	2.1709e+06	0.84761	0.19833	0.80167	0.39666	0.73516	False
AAVS1_g8	AAVS1	937.81	723.23	937.81	723.23	-0.37438	23022	4.2276e+06	0.8463	0.19869	0.80131	0.39738	0.73516	False
PROM1_g6	PROM1	1712.9	1387.6	1712.9	1387.6	-0.30365	52910	1.6192e+07	0.84352	0.19947	0.80053	0.39894	0.73516	False
ROSA26_g9	ROSA26	390.54	284.73	390.54	284.73	-0.45452	5598.1	5.9994e+05	0.8415	0.20003	0.79997	0.40007	0.73516	False
mKate2_g1	mKate2	690.29	528.6	690.29	528.6	-0.38438	13072	2.1353e+06	0.83488	0.20189	0.79811	0.40378	0.73516	False
PROM1_g3	PROM1	725.41	564.65	725.41	564.65	-0.36088	12922	2.385e+06	0.82534	0.20459	0.79541	0.40918	0.73516	False
ROSA26_g2	ROSA26	1060.3	857.78	1060.3	857.78	-0.30544	20502	5.558e+06	0.81739	0.20685	0.79315	0.41371	0.73516	False
CCR5_g8	CCR5	858.16	693.19	858.16	693.19	-0.30758	13606	3.4687e+06	0.80668	0.20992	0.79008	0.41985	0.73516	False
CCR5_g1	CCR5	576.39	458.93	576.39	458.93	-0.32814	6898.6	1.4285e+06	0.79557	0.21314	0.78686	0.42628	0.73516	False
CTRL0003_g3	CTRL	2430.6	2178.1	2430.6	2178.1	-0.15817	31876	3.5326e+07	0.78844	0.21522	0.78478	0.43044	0.73516	False
CTRL0007_g7	CTRL	1129.6	958.7	1129.6	958.7	-0.2365	14612	6.4014e+06	0.78472	0.21631	0.78369	0.43262	0.73516	False
KRT20_g3	KRT20	775.94	642.74	775.94	642.74	-0.27133	8871.4	2.7712e+06	0.78182	0.21716	0.78284	0.43432	0.73516	False
ROSA26_g4	ROSA26	835.89	710.01	835.89	710.01	-0.23516	7922.4	3.2713e+06	0.76668	0.22164	0.77836	0.44327	0.73516	False
LRIG1_g4	LRIG1	1115.9	985.13	1115.9	985.13	-0.17971	8556.7	6.2296e+06	0.7536	0.22554	0.77446	0.45109	0.73516	False
KRT20_g2	KRT20	1013.2	891.42	1013.2	891.42	-0.18451	7411.8	5.0226e+06	0.75051	0.22647	0.77353	0.45295	0.73516	False
ROSA26_g10	ROSA26	859.87	754.46	859.87	754.46	-0.18843	5555.2	3.4842e+06	0.74302	0.22873	0.77127	0.45747	0.73516	False
PROM1_g5	PROM1	606.36	518.99	606.36	518.99	-0.22406	3816.6	1.5994e+06	0.74226	0.22896	0.77104	0.45793	0.73516	False
PROM1_g4	PROM1	1235.8	1116.1	1235.8	1116.1	-0.14694	7172.5	7.821e+06	0.74191	0.22907	0.77093	0.45814	0.73516	False
PROM1_g2	PROM1	1515.9	1428.4	1515.9	1428.4	-0.085686	3825.5	1.2331e+07	0.72087	0.23549	0.76451	0.47099	0.73516	False
PROM1_g1	PROM1	826.47	755.66	826.47	755.66	-0.12905	2506.5	3.1897e+06	0.70799	0.23947	0.76053	0.47895	0.73516	False
CCR5_g5	CCR5	666.31	607.9	666.31	607.9	-0.13217	1706.3	1.9734e+06	0.69686	0.24295	0.75705	0.48589	0.73516	False
CTRL0001_g1	CTRL	823.9	771.28	823.9	771.28	-0.095087	1384.2	3.1676e+06	0.68883	0.24547	0.75453	0.49093	0.73516	False
LRIG1_g2	LRIG1	566.97	521.4	566.97	521.4	-0.12066	1038.3	1.377e+06	0.68073	0.24802	0.75198	0.49604	0.73516	False
AAVS1_g2	AAVS1	946.37	908.24	946.37	908.24	-0.059268	726.96	4.3141e+06	0.67714	0.24916	0.75084	0.49832	0.73516	False
CCR5_g9	CCR5	481.32	446.91	481.32	446.91	-0.10678	592.01	9.559e+05	0.66301	0.25366	0.74634	0.50732	0.73516	False
SOX9_g6	SOX9	1103.1	1099.3	1103.1	1099.3	-0.0050276	7.3764	6.0709e+06	0.65594	0.25593	0.74407	0.51186	0.73516	False
AAVS1_g7	AAVS1	472.76	443.31	472.76	443.31	-0.092588	433.63	9.184e+05	0.65376	0.25663	0.74337	0.51326	0.73516	False
CTRL0005_g5	CTRL	932.67	921.45	932.67	921.45	-0.01743	62.857	4.1761e+06	0.65244	0.25706	0.74294	0.51412	0.73516	False
mKate2_g4	mKate2	596.94	571.85	596.94	571.85	-0.061834	314.67	1.5445e+06	0.65022	0.25778	0.74222	0.51555	0.73516	False
KRT20_g4	KRT20	381.12	361.61	381.12	361.61	-0.075581	190.19	5.6817e+05	0.63085	0.26407	0.73593	0.52814	0.73516	False
EGFP_g4	EGFP	1322.3	2175.7	1322.3	2175.7	0.71794	3.641e+05	9.0941e+06	0.28297	0.41956	0.58044	0.83911	0.83911	True
EGFP_g2	EGFP	3460.9	5366.5	3460.9	5366.5	0.6327	1.8158e+06	7.7669e+07	0.21623	0.36512	0.63488	0.73025	0.77082	True
SOX9_g4	SOX9	471.04	669.17	471.04	669.17	0.5056	19626	9.11e+05	0.20757	0.3938	0.6062	0.78759	0.79809	True
CCR5_g10	CCR5	536.99	758.07	536.99	758.07	0.49665	24438	1.22e+06	0.20016	0.38728	0.61272	0.77456	0.79809	True
AAVS1_g10	AAVS1	386.26	534.61	386.26	534.61	0.4679	11005	5.8538e+05	0.1939	0.38957	0.61043	0.77915	0.79809	True
EGFP_g5	EGFP	3115.7	4293.7	3115.7	4293.7	0.46252	6.9381e+05	6.1451e+07	0.15027	0.3273	0.6727	0.65459	0.74007	True
EGFP_g6	EGFP	2558.2	3449.1	2558.2	3449.1	0.43097	3.969e+05	3.9595e+07	0.14159	0.32551	0.67449	0.65101	0.74007	True
SOX9_g3	SOX9	320.31	404.86	320.31	404.86	0.33703	3574.6	3.857e+05	0.13615	0.36031	0.63969	0.72063	0.77082	True
AAVS1_g9	AAVS1	243.23	300.34	243.23	300.34	0.30317	1631	2.0887e+05	0.12497	0.35923	0.64077	0.71847	0.77082	True
SOX9_g2	SOX9	1081.7	1382.8	1081.7	1382.8	0.354	45329	5.8113e+06	0.1249	0.33108	0.66892	0.66216	0.74007	True
AAVS1_g6	AAVS1	274.06	333.98	274.06	333.98	0.28433	1795.2	2.7249e+05	0.11479	0.35119	0.64881	0.70238	0.77082	True
EGFP_g3	EGFP	1766.8	2173.3	1766.8	2173.3	0.29855	82599	1.7351e+07	0.097576	0.30581	0.69419	0.61163	0.73516	True
mKate2_g3	mKate2	720.27	838.56	720.27	838.56	0.2191	6996.4	2.3475e+06	0.077206	0.31083	0.68917	0.62165	0.73516	True
EGFP_g1	EGFP	2591.6	3081.5	2591.6	3081.5	0.24972	1.2002e+05	4.0757e+07	0.076742	0.28618	0.71382	0.57236	0.73516	True
CTRL0009_g9	CTRL	764.8	875.8	764.8	875.8	0.19528	6160.3	2.6834e+06	0.06776	0.30413	0.69587	0.60826	0.73516	True
CTRL0002_g2	CTRL	685.15	778.49	685.15	778.49	0.184	4355.8	2.1e+06	0.064408	0.30433	0.69567	0.60866	0.73516	True
CCR5_g4	CCR5	310.89	343.59	310.89	343.59	0.14386	534.79	3.6088e+05	0.054441	0.31438	0.68562	0.62875	0.73516	True
CTRL0008_g8	CTRL	1032.9	1153.3	1032.9	1153.3	0.15899	7254	5.2429e+06	0.052604	0.28932	0.71068	0.57864	0.73516	True
CTRL0006_g6	CTRL	1539.9	1722.8	1539.9	1722.8	0.16181	16724	1.277e+07	0.051177	0.28068	0.71932	0.56137	0.73516	True
SOX9_g5	SOX9	1324.9	1464.5	1324.9	1464.5	0.14438	9738.2	9.1335e+06	0.046178	0.28063	0.71937	0.56126	0.73516	True
AAVS1_g4	AAVS1	352.85	382.04	352.85	382.04	0.11433	425.81	4.7852e+05	0.042186	0.30479	0.69521	0.60958	0.73516	True
ROSA26_g7	ROSA26	902.69	985.13	902.69	985.13	0.12594	3397.9	3.8828e+06	0.041835	0.28563	0.71437	0.57126	0.73516	True
mKate2_g6	mKate2	1268.4	1379.2	1268.4	1379.2	0.12072	6136.7	8.2876e+06	0.038483	0.27691	0.72309	0.55381	0.73516	True
CTRL0010_g10	CTRL	1518.5	1636.3	1518.5	1636.3	0.10772	6938.3	1.2378e+07	0.033482	0.27038	0.72962	0.54076	0.73516	True
mKate2_g2	mKate2	861.58	923.86	861.58	923.86	0.10057	1939.1	3.4997e+06	0.033289	0.28153	0.71847	0.56306	0.73516	True
SOX9_g1	SOX9	1121.1	1168.9	1121.1	1168.9	0.060251	1145	6.2938e+06	0.019075	0.26784	0.73216	0.53568	0.73516	True
mKate2_g5	mKate2	465.05	474.54	465.05	474.54	0.029095	45.072	8.8536e+05	0.01009	0.2806	0.7194	0.56121	0.73516	True
KRT20_g5	KRT20	1161.3	1187	1161.3	1187	0.031456	328.23	6.8086e+06	0.0098191	0.26163	0.73837	0.52327	0.73516	True
CCR5_g3	CCR5	556.69	565.85	556.69	565.85	0.023502	41.948	1.322e+06	0.0079663	0.27563	0.72437	0.55126	0.73516	True
ROSA26_g8	ROSA26	695.43	704.01	695.43	704.01	0.017653	36.754	2.1709e+06	0.0058191	0.26977	0.73023	0.53954	0.73516	True
KRT20_g6	KRT20	476.18	478.15	476.18	478.15	0.0059279	1.9301	9.333e+05	0.0020337	0.27545	0.72455	0.55089	0.73516	True
KRT20_g1	KRT20	528.43	528.6	528.43	528.6	0.0004889	0.0161	1.177e+06	0.0001654	0.27218	0.72782	0.54437	0.73516	True
