sgrna	Gene	control_count	treatment_count	control_mean	treat_mean	LFC	control_var	adj_var	score	p.low	p.high	p.twosided	FDR	high_in_treatment
PROM1_g6	PROM1	2235	1208.5	2235	1208.5	-0.88653	5.2689e+05	1.7184e+10	2.4443	0.0072564	0.99274	0.014513	0.055662	False
CTRL0003_g3	CTRL	2869	1897	2869	1897	-0.59656	4.7238e+05	3.6856e+10	2.4186	0.0077907	0.99221	0.015581	0.055662	False
ROSA26_g1	ROSA26	2298.2	1543.3	2298.2	1543.3	-0.57418	2.8495e+05	1.8713e+10	2.3705	0.0088822	0.99112	0.017764	0.055662	False
LRIG1_g5	LRIG1	1843.4	1131.1	1843.4	1131.1	-0.70416	2.5369e+05	9.5376e+09	2.3614	0.009103	0.9909	0.018206	0.055662	False
PROM1_g2	PROM1	1958.3	1244.1	1958.3	1244.1	-0.65409	2.5505e+05	1.1473e+10	2.3602	0.0091331	0.99087	0.018266	0.055662	False
CCR5_g2	CCR5	1089.8	526.3	1089.8	526.3	-1.0486	1.5874e+05	1.9134e+09	2.349	0.0094112	0.99059	0.018822	0.055662	False
LRIG1_g4	LRIG1	1493.9	857.99	1493.9	857.99	-0.7993	2.0217e+05	5.0167e+09	2.3454	0.0095042	0.9905	0.019008	0.055662	False
ROSA26_g6	ROSA26	1234.3	660.23	1234.3	660.23	-0.90169	1.648e+05	2.8001e+09	2.335	0.0097719	0.99023	0.019544	0.055662	False
PROM1_g4	PROM1	1574.3	972.04	1574.3	972.04	-0.69506	1.8136e+05	5.8887e+09	2.3285	0.009943	0.99006	0.019886	0.055662	False
AAVS1_g8	AAVS1	1175	629.89	1175	629.89	-0.8984	1.4856e+05	2.4085e+09	2.3246	0.010047	0.98995	0.020094	0.055662	False
CTRL0009_g9	CTRL	1315.7	762.77	1315.7	762.77	-0.78576	1.5289e+05	3.4034e+09	2.3172	0.010246	0.98975	0.020493	0.055662	False
CTRL0010_g10	CTRL	1926.7	1425.1	1926.7	1425.1	-0.4348	1.258e+05	1.0917e+10	2.3	0.010724	0.98928	0.021448	0.055662	False
ROSA26_g3	ROSA26	1092.6	618.38	1092.6	618.38	-0.82022	1.1245e+05	1.9289e+09	2.2899	0.011014	0.98899	0.022028	0.055662	False
mKate2_g6	mKate2	1690.2	1201.2	1690.2	1201.2	-0.49236	1.1955e+05	7.316e+09	2.2893	0.01103	0.98897	0.02206	0.055662	False
KRT20_g5	KRT20	1516.8	1033.8	1516.8	1033.8	-0.55271	1.1668e+05	5.2563e+09	2.2839	0.011189	0.98881	0.022378	0.055662	False
CTRL0001_g1	CTRL	1132.8	671.74	1132.8	671.74	-0.7531	1.0631e+05	2.1542e+09	2.2793	0.011326	0.98867	0.022651	0.055662	False
CTRL0006_g6	CTRL	1920.9	1500.4	1920.9	1500.4	-0.35623	88417	1.0818e+10	2.2787	0.011342	0.98866	0.022685	0.055662	False
LRIG1_g1	LRIG1	1102.2	667.56	1102.2	667.56	-0.72257	94457	1.981e+09	2.2658	0.011733	0.98827	0.023467	0.055662	False
LRIG1_g3	LRIG1	720.12	352.61	720.12	352.61	-1.0281	67530	5.3948e+08	2.263	0.011817	0.98818	0.023634	0.055662	False
CCR5_g3	CCR5	883.87	492.82	883.87	492.82	-0.84147	76459	1.009e+09	2.2537	0.012107	0.98789	0.024215	0.055662	False
CTRL0007_g7	CTRL	1227.6	834.97	1227.6	834.97	-0.55555	77097	2.7538e+09	2.2426	0.012461	0.98754	0.024922	0.055662	False
CCR5_g6	CCR5	679.9	351.57	679.9	351.57	-0.94954	53901	4.5259e+08	2.2306	0.012854	0.98715	0.025708	0.055662	False
AAVS1_g2	AAVS1	1135.7	791.02	1135.7	791.02	-0.52126	59406	2.1709e+09	2.2178	0.013286	0.98671	0.026571	0.055662	False
ROSA26_g4	ROSA26	958.56	618.38	958.56	618.38	-0.63155	57861	1.2929e+09	2.2134	0.013434	0.98657	0.026867	0.055662	False
ROSA26_g10	ROSA26	971.97	657.09	971.97	657.09	-0.5641	49572	1.349e+09	2.1979	0.013977	0.98602	0.027954	0.055662	False
CTRL0008_g8	CTRL	1253.5	1004.5	1253.5	1004.5	-0.31924	31007	2.9349e+09	2.1828	0.014524	0.98548	0.029048	0.055662	False
CCR5_g7	CCR5	1230.5	994.01	1230.5	994.01	-0.30765	27968	2.7736e+09	2.1759	0.014782	0.98522	0.029565	0.055662	False
ROSA26_g5	ROSA26	733.52	458.29	733.52	458.29	-0.6774	37876	5.7076e+08	2.1718	0.014936	0.98506	0.029872	0.055662	False
AAVS1_g3	AAVS1	726.82	456.2	726.82	456.2	-0.67076	36618	5.5497e+08	2.1681	0.015076	0.98492	0.030153	0.055662	False
LRIG1_g6	LRIG1	568.82	317.04	568.82	317.04	-0.8413	31696	2.6239e+08	2.1652	0.015185	0.98481	0.030371	0.055662	False
KRT20_g2	KRT20	1025.6	776.37	1025.6	776.37	-0.40118	31054	1.5896e+09	2.1643	0.015223	0.98478	0.030445	0.055662	False
ROSA26_g9	ROSA26	478.8	247.98	478.8	247.98	-0.94641	26639	1.55e+08	2.1593	0.015413	0.98459	0.030826	0.055662	False
PROM1_g1	PROM1	900.15	658.14	900.15	658.14	-0.45118	29283	1.0669e+09	2.1513	0.015728	0.98427	0.031456	0.055662	False
ROSA26_g7	ROSA26	1054.3	857.99	1054.3	857.99	-0.29697	19273	1.7296e+09	2.1411	0.016132	0.98387	0.032265	0.055662	False
ROSA26_g8	ROSA26	841.73	613.15	841.73	613.15	-0.45649	26125	8.6912e+08	2.1389	0.016222	0.98378	0.032444	0.055662	False
PROM1_g3	PROM1	722.99	491.77	722.99	491.77	-0.55504	26730	5.4608e+08	2.1349	0.016383	0.98362	0.032766	0.055662	False
AAVS1_g5	AAVS1	662.66	438.41	662.66	438.41	-0.59487	25144	4.1843e+08	2.1281	0.016666	0.98333	0.033331	0.055662	False
CTRL0002_g2	CTRL	870.46	678.02	870.46	678.02	-0.35998	18517	9.6298e+08	2.1189	0.017049	0.98295	0.034097	0.055662	False
KRT20_g4	KRT20	522.85	314.94	522.85	314.94	-0.72948	21612	2.0283e+08	2.1168	0.017137	0.98286	0.034273	0.055662	False
KRT20_g3	KRT20	762.25	559.78	762.25	559.78	-0.44471	20496	6.4186e+08	2.1151	0.017213	0.98279	0.034426	0.055662	False
LRIG1_g2	LRIG1	657.87	454.11	657.87	454.11	-0.5338	20760	4.0926e+08	2.1094	0.017453	0.98255	0.034906	0.055662	False
CCR5_g10	CCR5	839.82	660.23	839.82	660.23	-0.34663	16125	8.6309e+08	2.1077	0.017528	0.98247	0.035057	0.055662	False
mKate2_g2	mKate2	955.69	804.63	955.69	804.63	-0.24794	11410	1.2811e+09	2.107	0.01756	0.98244	0.03512	0.055662	False
CCR5_g9	CCR5	590.84	389.23	590.84	389.23	-0.60087	20323	2.947e+08	2.106	0.017603	0.9824	0.035205	0.055662	False
AAVS1_g7	AAVS1	586.05	386.09	586.05	386.09	-0.6008	19991	2.8746e+08	2.1043	0.017677	0.98232	0.035354	0.055662	False
mKate2_g4	mKate2	692.35	498.05	692.35	498.05	-0.47439	18875	4.7839e+08	2.1034	0.017717	0.98228	0.035434	0.055662	False
CTRL0005_g5	CTRL	948.03	802.53	948.03	802.53	-0.24009	10584	1.25e+09	2.1031	0.01773	0.98227	0.035459	0.055662	False
AAVS1_g1	AAVS1	715.33	527.35	715.33	527.35	-0.43913	17668	5.2859e+08	2.1002	0.017854	0.98215	0.035708	0.055662	False
mKate2_g3	mKate2	883.87	730.34	883.87	730.34	-0.27492	11786	1.009e+09	2.0982	0.017944	0.98206	0.035887	0.055662	False
ROSA26_g2	ROSA26	880.04	747.08	880.04	747.08	-0.23601	8839	9.9572e+08	2.0863	0.018476	0.98152	0.036952	0.056168	False
CCR5_g5	CCR5	691.39	529.44	691.39	529.44	-0.38439	13113	4.7637e+08	2.0776	0.018874	0.98113	0.037747	0.056251	False
mKate2_g1	mKate2	621.48	460.38	621.48	460.38	-0.43207	12977	3.4394e+08	2.0687	0.019287	0.98071	0.038573	0.056376	False
CCR5_g1	CCR5	556.37	399.7	556.37	399.7	-0.47611	12273	2.4524e+08	2.0579	0.019798	0.9802	0.039596	0.056778	False
CTRL0004_g4	CTRL	419.43	277.28	419.43	277.28	-0.59534	10104	1.0342e+08	2.0325	0.021053	0.97895	0.042105	0.059036	False
KRT20_g6	KRT20	540.09	416.44	540.09	416.44	-0.3743	7644.6	2.2396e+08	2.0222	0.021575	0.97842	0.043151	0.059036	False
CCR5_g8	CCR5	686.6	603.73	686.6	603.73	-0.18528	3433.7	4.6636e+08	2.0189	0.02175	0.97825	0.0435	0.059036	False
AAVS1_g10	AAVS1	542	465.62	542	465.62	-0.21872	2917.5	2.264e+08	1.9775	0.023995	0.97601	0.04799	0.063603	False
AAVS1_g9	AAVS1	362.93	261.58	362.93	261.58	-0.4709	5135.8	6.6467e+07	1.9649	0.024711	0.97529	0.049423	0.063603	False
KRT20_g1	KRT20	523.81	460.38	523.81	460.38	-0.18582	2011.3	2.0397e+08	1.9603	0.024983	0.97502	0.049966	0.063603	False
CCR5_g4	CCR5	392.62	299.25	392.62	299.25	-0.39063	4358.7	8.4517e+07	1.9581	0.025106	0.97489	0.050213	0.063603	False
PROM1_g5	PROM1	502.74	452.01	502.74	452.01	-0.15313	1286.6	1.7992e+08	1.9415	0.0261	0.9739	0.052201	0.065037	False
mKate2_g5	mKate2	417.51	413.3	417.51	413.3	-0.014604	8.8836	1.0199e+08	1.8578	0.031602	0.9684	0.063204	0.077476	False
AAVS1_g4	AAVS1	348.57	332.73	348.57	332.73	-0.066879	125.37	5.875e+07	1.8329	0.033412	0.96659	0.066824	0.080613	False
EGFP_g5	EGFP	158.96	3739.6	158.96	3739.6	4.5475	6.4104e+06	5.333e+06	1.5505	0.88527	0.11473	0.22945	0.25273	True
EGFP_g1	EGFP	133.11	2683.8	133.11	2683.8	4.3234	3.2531e+06	3.1002e+06	1.4487	0.86095	0.13905	0.2781	0.30194	True
EGFP_g2	EGFP	232.7	4673.9	232.7	4673.9	4.3222	9.8623e+06	1.7089e+07	1.0744	0.72948	0.27052	0.54104	0.56328	True
EGFP_g3	EGFP	159.92	1892.8	159.92	1892.8	3.5569	1.5014e+06	5.4318e+06	0.74353	0.56655	0.43345	0.8669	0.87846	True
EGFP_g4	EGFP	169.5	1894.9	169.5	1894.9	3.4751	1.4885e+06	6.4882e+06	0.67737	0.52693	0.47307	0.94614	0.94614	True
SOX9_g2	SOX9	150.34	1204.3	150.34	1204.3	2.9935	5.5544e+05	4.4978e+06	0.49697	0.41392	0.58608	0.82783	0.8502	True
SOX9_g4	SOX9	152.26	582.8	152.26	582.8	1.9295	92685	4.6752e+06	0.19912	0.2026	0.7974	0.4052	0.42771	True
EGFP_g6	EGFP	560.2	3004	560.2	3004	2.4208	2.9861e+06	2.5043e+08	0.15443	0.14682	0.85318	0.29364	0.31432	True
SOX9_g5	SOX9	392.62	1275.5	392.62	1275.5	1.6973	3.8972e+05	8.4517e+07	0.096032	0.10693	0.89307	0.21385	0.23901	True
SOX9_g1	SOX9	529.55	1018.1	529.55	1018.1	0.94169	1.1933e+05	2.1088e+08	0.033641	0.054345	0.94565	0.10869	0.12516	True
SOX9_g3	SOX9	243.23	352.61	243.23	352.61	0.53392	5982.1	1.9565e+07	0.024729	0.060911	0.93909	0.12182	0.13819	True
SOX9_g6	SOX9	567.86	957.39	567.86	957.39	0.75254	75867	2.6105e+08	0.024109	0.045982	0.95402	0.091965	0.10921	True
AAVS1_g6	AAVS1	250.89	290.88	250.89	290.88	0.21257	799.49	2.1509e+07	0.008622	0.047953	0.95205	0.095905	0.11214	True
