sgrna	Gene	control_count	treatment_count	control_mean	treat_mean	LFC	control_var	adj_var	score	p.low	p.high	p.twosided	FDR	high_in_treatment
mKate2_g6	mKate2	3763.3	17217	3763.3	17217	2.1935	9.0499e+07	4.5511e+05	19.942	1	8.7135e-89	1.7427e-88	1.3245e-86	True
mKate2_g2	mKate2	2649.3	12256	2649.3	12256	2.2094	4.6148e+07	2.8147e+05	18.108	1	1.3759e-73	2.7519e-73	1.0457e-71	True
mKate2_g1	mKate2	2208.6	10290	2208.6	10290	2.2196	3.2657e+07	2.1943e+05	17.253	1	5.3365e-67	1.0673e-66	2.7038e-65	True
mKate2_g3	mKate2	2418.8	10931	2418.8	10931	2.1755	3.6225e+07	2.485e+05	17.075	1	1.1429e-65	2.2858e-65	4.3431e-64	True
mKate2_g5	mKate2	2539.7	9361.5	2539.7	9361.5	1.8817	2.3268e+07	2.6565e+05	13.236	1	2.7295e-40	5.459e-40	8.2977e-39	True
SOX9_g5	SOX9	4209.1	9186.1	4209.1	9186.1	1.1258	1.2385e+07	5.3051e+05	6.8332	1	4.1511e-12	8.3021e-12	1.0516e-10	True
SOX9_g2	SOX9	3651.6	7714.5	3651.6	7714.5	1.0788	8.2537e+06	4.3672e+05	6.1481	1	3.921e-10	7.8419e-10	8.5141e-09	True
SOX9_g4	SOX9	2173.1	4946.7	2173.1	4946.7	1.1863	3.8464e+06	2.1461e+05	5.9871	1	1.0678e-09	2.1356e-09	2.0288e-08	True
mKate2_g4	mKate2	3422.1	7155.1	3422.1	7155.1	1.0639	6.9675e+06	3.9958e+05	5.9054	1	1.7588e-09	3.5175e-09	2.9703e-08	True
SOX9_g3	SOX9	2903.2	5456.9	2903.2	5456.9	0.91021	3.2607e+06	3.1903e+05	4.5212	1	3.0744e-06	6.1488e-06	4.6731e-05	True
SOX9_g6	SOX9	7071.7	10738	7071.7	10738	0.60247	6.7192e+06	1.0797e+06	3.5279	0.99979	0.00020943	0.00041886	0.002894	True
SOX9_g1	SOX9	5849.1	8215.9	5849.1	8215.9	0.49014	2.801e+06	8.3252e+05	2.594	0.99526	0.004743	0.009486	0.060078	True
ROSA26_g6	ROSA26	9497.6	6986.6	9497.6	6986.6	-0.44292	3.1525e+06	1.6173e+06	1.9744	0.024165	0.97583	0.048331	0.28255	False
PROM1_g6	PROM1	14077	10865	14077	10865	-0.37371	5.1609e+06	2.7732e+06	1.9292	0.026851	0.97315	0.053701	0.29152	False
ROSA26_g1	ROSA26	19121	15409	19121	15409	-0.31134	6.8886e+06	4.2195e+06	1.807	0.035383	0.96462	0.070766	0.35188	False
PROM1_g4	PROM1	9862.2	7696.8	9862.2	7696.8	-0.3576	2.3444e+06	1.703e+06	1.6593	0.048528	0.95147	0.097056	0.35188	False
PROM1_g3	PROM1	6363.9	4776.3	6363.9	4776.3	-0.41395	1.2603e+06	9.3449e+05	1.6423	0.050261	0.94974	0.10052	0.35188	False
AAVS1_g3	AAVS1	5177.8	3813.9	5177.8	3813.9	-0.44097	9.3012e+05	7.0451e+05	1.625	0.052086	0.94791	0.10417	0.35188	False
CCR5_g6	CCR5	5614.5	4174.4	5614.5	4174.4	-0.42748	1.0369e+06	7.8713e+05	1.6231	0.052281	0.94772	0.10456	0.35188	False
AAVS1_g1	AAVS1	7617	5843	7617	5843	-0.38244	1.5734e+06	1.1954e+06	1.6225	0.052347	0.94765	0.10469	0.35188	False
CTRL0003_g3	CTRL	16421	13420	16421	13420	-0.29118	4.5041e+06	3.4249e+06	1.6218	0.052424	0.94758	0.10485	0.35188	False
ROSA26_g3	ROSA26	9574.8	7594.4	9574.8	7594.4	-0.33427	1.961e+06	1.6354e+06	1.5486	0.060734	0.93927	0.12147	0.35188	False
ROSA26_g2	ROSA26	8359.3	6562.1	8359.3	6562.1	-0.34918	1.615e+06	1.3578e+06	1.5423	0.061496	0.9385	0.12299	0.35188	False
PROM1_g5	PROM1	5925.2	4522.1	5925.2	4522.1	-0.38979	9.8431e+05	8.474e+05	1.5242	0.063732	0.93627	0.12746	0.35188	False
LRIG1_g4	LRIG1	8705.6	6883.2	8705.6	6883.2	-0.33881	1.6605e+06	1.4354e+06	1.521	0.064125	0.93588	0.12825	0.35188	False
CCR5_g2	CCR5	7257.5	5653.9	7257.5	5653.9	-0.36017	1.2858e+06	1.1188e+06	1.5161	0.06475	0.93525	0.1295	0.35188	False
CCR5_g8	CCR5	6267.4	4823.6	6267.4	4823.6	-0.37771	1.0424e+06	9.1514e+05	1.5093	0.065607	0.93439	0.13121	0.35188	False
CCR5_g5	CCR5	4672.1	3500.7	4672.1	3500.7	-0.41634	6.8614e+05	6.1202e+05	1.4974	0.067144	0.93286	0.13429	0.35188	False
ROSA26_g4	ROSA26	7011.8	5477.6	7011.8	5477.6	-0.35618	1.1768e+06	1.0672e+06	1.4851	0.068763	0.93124	0.13753	0.35188	False
LRIG1_g5	LRIG1	12285	10040	12285	10040	-0.2911	2.5198e+06	2.3011e+06	1.4799	0.06945	0.93055	0.1389	0.35188	False
CCR5_g7	CCR5	9695.6	7884	9695.6	7884	-0.29838	1.6411e+06	1.6637e+06	1.4046	0.080076	0.91992	0.16015	0.37899	False
AAVS1_g8	AAVS1	7940.9	6380.8	7940.9	6380.8	-0.31551	1.2169e+06	1.2656e+06	1.3868	0.082758	0.91724	0.16552	0.37899	False
ROSA26_g7	ROSA26	7404.7	5929.7	7404.7	5929.7	-0.32044	1.0879e+06	1.15e+06	1.3755	0.084491	0.91551	0.16898	0.37899	False
CTRL0004_g4	CTRL	2834.2	2077.4	2834.2	2077.4	-0.44797	2.8636e+05	3.0869e+05	1.3621	0.086582	0.91342	0.17316	0.37899	False
AAVS1_g2	AAVS1	6165.9	4889.6	6165.9	4889.6	-0.33454	8.1451e+05	8.9489e+05	1.3492	0.088636	0.91136	0.17727	0.37899	False
AAVS1_g7	AAVS1	3962.3	3033.8	3962.3	3033.8	-0.38511	4.3108e+05	4.8839e+05	1.3287	0.091981	0.90802	0.18396	0.37899	False
ROSA26_g8	ROSA26	5115.9	4017.8	5115.9	4017.8	-0.3485	6.0288e+05	6.9299e+05	1.3191	0.093574	0.90643	0.18715	0.37899	False
CTRL0010_g10	CTRL	9195	7563.8	9195	7563.8	-0.2817	1.3304e+06	1.5471e+06	1.3114	0.094862	0.90514	0.18972	0.37899	False
ROSA26_g10	ROSA26	7767.3	6329.6	7767.3	6329.6	-0.29524	1.0334e+06	1.2278e+06	1.2974	0.097241	0.90276	0.19448	0.37899	False
CTRL0008_g8	CTRL	5830.8	4691.6	5830.8	4691.6	-0.31356	6.489e+05	8.2895e+05	1.2512	0.10542	0.89458	0.21085	0.40032	False
PROM1_g1	PROM1	5911	4785.1	5911	4785.1	-0.30478	6.3378e+05	8.4462e+05	1.2251	0.11028	0.88972	0.22056	0.40032	False
CCR5_g4	CCR5	3344.9	2583.7	3344.9	2583.7	-0.37243	2.8977e+05	3.8729e+05	1.2233	0.11062	0.88938	0.22123	0.40032	False
LRIG1_g2	LRIG1	4332	3475.1	4332	3475.1	-0.31789	3.6711e+05	5.5183e+05	1.1535	0.12435	0.87565	0.24871	0.43514	False
LRIG1_g6	LRIG1	4573.6	3694.7	4573.6	3694.7	-0.30779	3.8623e+05	5.9441e+05	1.14	0.12715	0.87285	0.2543	0.43514	False
AAVS1_g5	AAVS1	5334.2	4364.5	5334.2	4364.5	-0.28939	4.7013e+05	7.3381e+05	1.132	0.12882	0.87118	0.25765	0.43514	False
CTRL0006_g6	CTRL	10365	8870.9	10365	8870.9	-0.22451	1.1158e+06	1.823e+06	1.1064	0.13427	0.86573	0.26854	0.44368	False
CTRL0002_g2	CTRL	4944.3	4068.1	4944.3	4068.1	-0.28136	3.8388e+05	6.6136e+05	1.0774	0.14064	0.85936	0.28128	0.45483	False
CTRL0001_g1	CTRL	5162.6	4280.8	5162.6	4280.8	-0.27015	3.8877e+05	7.0167e+05	1.0527	0.14624	0.85376	0.29249	0.45514	False
CCR5_g9	CCR5	3557.2	2875.2	3557.2	2875.2	-0.30696	2.3252e+05	4.2133e+05	1.0506	0.14672	0.85328	0.29344	0.45514	False
LRIG1_g1	LRIG1	7062.5	6015.4	7062.5	6015.4	-0.23149	5.4824e+05	1.0778e+06	1.0086	0.15658	0.84342	0.31316	0.46701	False
AAVS1_g4	AAVS1	2963.1	2385.7	2963.1	2385.7	-0.3126	1.6672e+05	3.2808e+05	1.0081	0.15669	0.84331	0.31339	0.46701	False
CCR5_g10	CCR5	5191	4372.4	5191	4372.4	-0.24754	3.3506e+05	7.0697e+05	0.97359	0.16513	0.83487	0.33026	0.47019	False
CCR5_g1	CCR5	4320.8	3603.1	4320.8	3603.1	-0.26197	2.5751e+05	5.4988e+05	0.96779	0.16658	0.83342	0.33315	0.47019	False
LRIG1_g3	LRIG1	4349.2	3629.7	4349.2	3629.7	-0.26083	2.5883e+05	5.5484e+05	0.96592	0.16704	0.83296	0.33409	0.47019	False
ROSA26_g5	ROSA26	5723.1	4899.4	5723.1	4899.4	-0.22416	3.3927e+05	8.0807e+05	0.91636	0.17974	0.82026	0.35948	0.49673	False
AAVS1_g10	AAVS1	3300.2	2752.1	3300.2	2752.1	-0.26196	1.5024e+05	3.8023e+05	0.88896	0.18701	0.81299	0.37403	0.50761	False
EGFP_g5	EGFP	12032	10726	12032	10726	-0.16582	8.5349e+05	2.2365e+06	0.87364	0.19116	0.80884	0.38231	0.50975	False
PROM1_g2	PROM1	8824.4	7788.4	8824.4	7788.4	-0.18014	5.3659e+05	1.4623e+06	0.85667	0.19581	0.80419	0.39163	0.51317	False
EGFP_g4	EGFP	6923.4	6113.9	6923.4	6113.9	-0.17936	3.2765e+05	1.0488e+06	0.79044	0.21464	0.78536	0.42927	0.55296	False
CTRL0009_g9	CTRL	5263.1	4627.5	5263.1	4627.5	-0.18564	2.0199e+05	7.2045e+05	0.74882	0.22698	0.77302	0.45397	0.57502	False
CTRL0007_g7	CTRL	6061.3	5373.2	6061.3	5373.2	-0.17382	2.3674e+05	8.7417e+05	0.73596	0.23088	0.76912	0.46175	0.5753	False
CCR5_g3	CCR5	3818.1	3329.3	3818.1	3329.3	-0.19759	1.1948e+05	4.6421e+05	0.71746	0.23655	0.76345	0.47309	0.57992	False
CTRL0005_g5	CTRL	5379.9	4804.8	5379.9	4804.8	-0.16306	1.6535e+05	7.4244e+05	0.66741	0.25225	0.74775	0.50451	0.60861	False
EGFP_g1	EGFP	10545	9825.4	10545	9825.4	-0.1019	2.5859e+05	1.8665e+06	0.52639	0.29931	0.70069	0.59861	0.70958	False
KRT20_g3	KRT20	9043.7	8410.9	9043.7	8410.9	-0.10464	2.002e+05	1.5124e+06	0.51453	0.30344	0.69656	0.60688	0.70958	False
ROSA26_g9	ROSA26	2244.2	2020.2	2244.2	2020.2	-0.15158	25072	2.2427e+05	0.47285	0.31816	0.68184	0.63632	0.73273	False
EGFP_g2	EGFP	13017	12299	13017	12299	-0.081902	2.5809e+05	2.4911e+06	0.45521	0.32448	0.67552	0.64896	0.73408	False
AAVS1_g6	AAVS1	2236	2026.1	2236	2026.1	-0.14214	22028	2.2316e+05	0.44432	0.32841	0.67159	0.65681	0.73408	False
EGFP_g6	EGFP	11852	11239	11852	11239	-0.076683	1.8825e+05	2.1908e+06	0.41455	0.33924	0.66076	0.67847	0.7473	False
KRT20_g4	KRT20	4320.8	4039.5	4320.8	4039.5	-0.097097	39563	5.4988e+05	0.37934	0.35222	0.64778	0.70444	0.75434	False
KRT20_g2	KRT20	10875	11403	10875	11403	0.068495	1.3981e+05	1.947e+06	0.37897	0.64765	0.35235	0.70471	0.75434	True
EGFP_g3	EGFP	7041.2	7405.2	7041.2	7405.2	0.072714	66262	1.0734e+06	0.35138	0.63735	0.36265	0.72531	0.75657	True
KRT20_g1	KRT20	7511.4	7889.9	7511.4	7889.9	0.070916	71631	1.1727e+06	0.34952	0.63665	0.36335	0.7267	0.75657	True
AAVS1_g9	AAVS1	2166	2018.3	2166	2018.3	-0.10185	10909	2.1365e+05	0.31957	0.37465	0.62535	0.7493	0.76955	False
KRT20_g5	KRT20	13414	13292	13414	13292	-0.013248	7518.5	2.5958e+06	0.07611	0.46967	0.53033	0.93933	0.95186	False
KRT20_g6	KRT20	6184.2	6175	6184.2	6175	-0.0021431	42.146	8.9853e+05	0.0096856	0.49614	0.50386	0.99227	0.99227	False
