sgrna	Gene	control_count	treatment_count	control_mean	treat_mean	LFC	control_var	adj_var	score	p.low	p.high	p.twosided	FDR	high_in_treatment
mKate2_g2	mKate2	655.45	4822.4	655.45	4822.4	2.8773	8.6817e+06	3.7711e+06	2.1458	0.97477	0.025225	0.05045	0.41049	True
mKate2_g1	mKate2	608.57	3648.3	608.57	3648.3	2.5818	4.62e+06	3.1712e+06	1.707	0.93071	0.069294	0.13859	0.41049	True
mKate2_g3	mKate2	707.85	4105.5	707.85	4105.5	2.5343	5.7718e+06	4.5129e+06	1.5994	0.91297	0.087025	0.17405	0.41049	True
mKate2_g6	mKate2	1092.1	6173	1092.1	6173	2.4978	1.2908e+07	1.2421e+07	1.4417	0.87984	0.12016	0.24031	0.41049	True
mKate2_g5	mKate2	733.59	3529.9	733.59	3529.9	2.265	3.9097e+06	4.9053e+06	1.2626	0.83585	0.16415	0.32829	0.41049	True
ROSA26_g7	ROSA26	2271.6	1577.5	2271.6	1577.5	-0.52576	2.4086e+05	6.8669e+07	1.1614	0.12275	0.87725	0.24549	0.41049	False
ROSA26_g1	ROSA26	5543.3	4375.1	5543.3	4375.1	-0.34135	6.8232e+05	5.5132e+08	1.156	0.12384	0.87616	0.24768	0.41049	False
AAVS1_g8	AAVS1	2332.2	1675.1	2332.2	1675.1	-0.47725	2.1593e+05	7.3028e+07	1.1428	0.12656	0.87344	0.25313	0.41049	False
AAVS1_g1	AAVS1	2201.7	1569.8	2201.7	1569.8	-0.48774	1.9963e+05	6.3838e+07	1.1426	0.12659	0.87341	0.25319	0.41049	False
CTRL0003_g3	CTRL	4918.2	3911.4	4918.2	3911.4	-0.33036	5.0679e+05	4.1694e+08	1.1413	0.12687	0.87313	0.25373	0.41049	False
CCR5_g6	CCR5	1715.4	1200.4	1715.4	1200.4	-0.51467	1.3261e+05	3.5645e+07	1.1342	0.12836	0.87164	0.25673	0.41049	False
ROSA26_g6	ROSA26	2760.6	2057.7	2760.6	2057.7	-0.42381	2.4708e+05	1.0826e+08	1.1336	0.12849	0.87151	0.25697	0.41049	False
PROM1_g6	PROM1	4110.1	3254.8	4110.1	3254.8	-0.33654	3.6583e+05	2.742e+08	1.129	0.12946	0.87054	0.25891	0.41049	False
CTRL0006_g6	CTRL	3149.5	2408.5	3149.5	2408.5	-0.38686	2.7456e+05	1.4727e+08	1.1285	0.12955	0.87045	0.2591	0.41049	False
LRIG1_g3	LRIG1	1452.5	1009.6	1452.5	1009.6	-0.52423	98049	2.4171e+07	1.125	0.1303	0.8697	0.26059	0.41049	False
LRIG1_g5	LRIG1	3674.4	2885.3	3674.4	2885.3	-0.34866	3.1131e+05	2.1107e+08	1.1248	0.13033	0.86967	0.26066	0.41049	False
PROM1_g3	PROM1	1799	1303.4	1799	1303.4	-0.4646	1.2281e+05	3.9836e+07	1.1163	0.13215	0.86785	0.26429	0.41049	False
ROSA26_g3	ROSA26	2779	2132.2	2779	2132.2	-0.38207	2.0918e+05	1.0995e+08	1.1161	0.13219	0.86781	0.26439	0.41049	False
PROM1_g4	PROM1	2979.4	2308.7	2979.4	2308.7	-0.36781	2.2493e+05	1.2937e+08	1.1157	0.13228	0.86772	0.26456	0.41049	False
LRIG1_g1	LRIG1	2119.9	1586.3	2119.9	1586.3	-0.41811	1.4237e+05	5.8436e+07	1.1094	0.13362	0.86638	0.26724	0.41049	False
ROSA26_g4	ROSA26	2232.9	1687.1	2232.9	1687.1	-0.40417	1.4896e+05	6.5975e+07	1.1076	0.13401	0.86599	0.26802	0.41049	False
CCR5_g7	CCR5	2949.1	2313.1	2949.1	2313.1	-0.35031	2.0224e+05	1.2631e+08	1.1072	0.1341	0.8659	0.2682	0.41049	False
PROM1_g2	PROM1	2695.4	2104.8	2695.4	2104.8	-0.35664	1.7438e+05	1.0238e+08	1.1025	0.13513	0.86487	0.27026	0.41049	False
CCR5_g9	CCR5	1093	761.89	1093	761.89	-0.5201	54827	1.2445e+07	1.1005	0.13555	0.86445	0.2711	0.41049	False
LRIG1_g6	LRIG1	1301.7	931.81	1301.7	931.81	-0.48186	68413	1.8714e+07	1.0977	0.13617	0.86383	0.27233	0.41049	False
CCR5_g10	CCR5	1667.6	1243.1	1667.6	1243.1	-0.42347	90075	3.3369e+07	1.0921	0.13739	0.86261	0.27478	0.41049	False
ROSA26_g2	ROSA26	2396.6	1902	2396.6	1902	-0.33331	1.2231e+05	7.782e+07	1.0824	0.13954	0.86046	0.27908	0.41049	False
CCR5_g2	CCR5	2125.4	1668.5	2125.4	1668.5	-0.349	1.0438e+05	5.8792e+07	1.0793	0.14023	0.85977	0.28046	0.41049	False
CTRL0001_g1	CTRL	1544.4	1164.2	1544.4	1164.2	-0.40739	72271	2.7895e+07	1.0787	0.14036	0.85964	0.28072	0.41049	False
AAVS1_g2	AAVS1	1786.2	1387.9	1786.2	1387.9	-0.36379	79331	3.9174e+07	1.0714	0.142	0.858	0.28401	0.41049	False
CTRL0007_g7	CTRL	1915.8	1508.4	1915.8	1508.4	-0.34468	82970	4.6136e+07	1.0687	0.1426	0.8574	0.2852	0.41049	False
LRIG1_g2	LRIG1	1274.1	952.64	1274.1	952.64	-0.41913	51679	1.7801e+07	1.0682	0.14272	0.85728	0.28545	0.41049	False
PROM1_g1	PROM1	1828.5	1435	1828.5	1435	-0.34937	77410	4.1374e+07	1.0669	0.14301	0.85699	0.28602	0.41049	False
CTRL0010_g10	CTRL	2702.7	2240.7	2702.7	2240.7	-0.27032	1.0671e+05	1.0303e+08	1.0646	0.14353	0.85647	0.28705	0.41049	False
CCR5_g8	CCR5	1834	1448.1	1834	1448.1	-0.34056	74434	4.1666e+07	1.0632	0.14384	0.85616	0.28769	0.41049	False
AAVS1_g5	AAVS1	1669.4	1302.3	1669.4	1302.3	-0.358	67375	3.3455e+07	1.0632	0.14386	0.85614	0.28771	0.41049	False
PROM1_g5	PROM1	1682.3	1321	1682.3	1321	-0.34859	65275	3.406e+07	1.0596	0.14467	0.85533	0.28933	0.41049	False
AAVS1_g3	AAVS1	1477.3	1143.4	1477.3	1143.4	-0.36936	55747	2.5146e+07	1.0581	0.14501	0.85499	0.29002	0.41049	False
LRIG1_g4	LRIG1	2395.7	1984.2	2395.7	1984.2	-0.27174	84647	7.775e+07	1.055	0.14572	0.85428	0.29144	0.41049	False
AAVS1_g4	AAVS1	897.22	656.65	897.22	656.65	-0.44975	28937	7.8494e+06	1.0534	0.14609	0.85391	0.29218	0.41049	False
CCR5_g5	CCR5	1508.6	1190.5	1508.6	1190.5	-0.34131	50570	2.6406e+07	1.0472	0.1475	0.8525	0.29501	0.41049	False
CCR5_g1	CCR5	1342.2	1055.7	1342.2	1055.7	-0.34608	41033	2.01e+07	1.0396	0.14926	0.85074	0.29853	0.41049	False
ROSA26_g8	ROSA26	1544.4	1238.8	1544.4	1238.8	-0.31792	46708	2.7895e+07	1.0386	0.14949	0.85051	0.29899	0.41049	False
ROSA26_g5	ROSA26	1731.9	1414.2	1731.9	1414.2	-0.29225	50491	3.6453e+07	1.0367	0.14995	0.85005	0.2999	0.41049	False
EGFP_g1	EGFP	2030.7	1695.9	2030.7	1695.9	-0.25979	56049	5.2857e+07	1.0355	0.15022	0.84978	0.30044	0.41049	False
CTRL0004_g4	CTRL	867.81	650.08	867.81	650.08	-0.41621	23704	7.2616e+06	1.0354	0.15023	0.84977	0.30047	0.41049	False
CTRL0002_g2	CTRL	1549.9	1254.1	1549.9	1254.1	-0.30531	43752	2.8128e+07	1.0332	0.15076	0.84924	0.30152	0.41049	False
CTRL0009_g9	CTRL	1637.3	1336.3	1637.3	1336.3	-0.2928	45277	3.1968e+07	1.0321	0.151	0.849	0.30201	0.41049	False
AAVS1_g7	AAVS1	1195.1	957.03	1195.1	957.03	-0.32017	28334	1.5329e+07	1.0181	0.15433	0.84567	0.30865	0.41049	False
CTRL0005_g5	CTRL	1568.3	1312.2	1568.3	1312.2	-0.25703	32792	2.8913e+07	1.0121	0.15574	0.84426	0.31147	0.41049	False
AAVS1_g10	AAVS1	1011.2	806.84	1011.2	806.84	-0.32538	20885	1.0378e+07	1.0064	0.15711	0.84289	0.31421	0.41049	False
CTRL0008_g8	CTRL	1767.8	1528.2	1767.8	1528.2	-0.21001	28709	3.8239e+07	1.0008	0.15846	0.84154	0.31692	0.41049	False
ROSA26_g9	ROSA26	687.63	530.58	687.63	530.58	-0.37342	12331	4.2176e+06	0.99663	0.15947	0.84053	0.31894	0.41049	False
KRT20_g1	KRT20	1631.7	1405.4	1631.7	1405.4	-0.21529	25616	3.1718e+07	0.99632	0.15955	0.84045	0.3191	0.41049	False
CCR5_g3	CCR5	1154.6	963.6	1154.6	963.6	-0.26067	18245	1.4145e+07	0.98764	0.16167	0.83833	0.32333	0.41049	False
ROSA26_g10	ROSA26	1818.4	1609.3	1818.4	1609.3	-0.1761	21852	4.0842e+07	0.98757	0.16168	0.83832	0.32337	0.41049	False
CCR5_g4	CCR5	970.77	793.68	970.77	793.68	-0.29023	15679	9.4345e+06	0.98667	0.1619	0.8381	0.32381	0.41049	False
KRT20_g5	KRT20	2632.8	2479.7	2632.8	2479.7	-0.086411	11723	9.6923e+07	0.97858	0.16389	0.83611	0.32779	0.41049	False
EGFP_g2	EGFP	2527.1	2385.4	2527.1	2385.4	-0.083207	10037	8.8078e+07	0.97342	0.16517	0.83483	0.33034	0.41049	False
EGFP_g6	EGFP	2580.4	2456.7	2580.4	2456.7	-0.070871	7656.5	9.2479e+07	0.96953	0.16614	0.83386	0.33228	0.41049	False
EGFP_g5	EGFP	2174.1	2033.5	2174.1	2033.5	-0.096388	9880.4	6.1987e+07	0.96614	0.16699	0.83301	0.33397	0.41049	False
AAVS1_g9	AAVS1	674.76	544.84	674.76	544.84	-0.30804	8439.8	4.0356e+06	0.96435	0.16744	0.83256	0.33487	0.41049	False
AAVS1_g6	AAVS1	706.93	598.55	706.93	598.55	-0.23973	5873.1	4.4992e+06	0.9357	0.17471	0.82529	0.34943	0.41055	False
EGFP_g3	EGFP	1458.9	1360.4	1458.9	1360.4	-0.10074	4847.6	2.4422e+07	0.93256	0.17552	0.82448	0.35105	0.41055	False
KRT20_g2	KRT20	2305.6	2283.5	2305.6	2283.5	-0.013881	243.9	7.1094e+07	0.9324	0.17556	0.82444	0.35113	0.41055	False
EGFP_g4	EGFP	1299.9	1230	1299.9	1230	-0.079659	2441.7	1.8652e+07	0.91205	0.18087	0.81913	0.36174	0.41655	False
KRT20_g6	KRT20	1321.9	1290.3	1321.9	1290.3	-0.034935	500.87	1.94e+07	0.89181	0.18625	0.81375	0.3725	0.41945	False
mKate2_g4	mKate2	1014.9	2513.7	1014.9	2513.7	1.3076	1.1232e+06	1.0466e+07	0.46329	0.48393	0.51607	0.96786	0.96786	True
SOX9_g5	SOX9	1310.9	2726.4	1310.9	2726.4	1.0558	1.0018e+06	1.9024e+07	0.32452	0.39693	0.60307	0.79386	0.80444	True
SOX9_g4	SOX9	819.09	1451.4	819.09	1451.4	0.82463	1.9993e+05	6.3452e+06	0.25104	0.3611	0.6389	0.7222	0.74172	True
SOX9_g2	SOX9	1169.3	1976.5	1169.3	1976.5	0.75678	3.2579e+05	1.4569e+07	0.21148	0.32898	0.67102	0.65796	0.685	True
SOX9_g1	SOX9	1731.9	2363.5	1731.9	2363.5	0.44832	1.9944e+05	3.6453e+07	0.10461	0.25216	0.74784	0.50432	0.53234	True
SOX9_g3	SOX9	1035.1	1316.6	1035.1	1316.6	0.34672	39615	1.096e+07	0.085025	0.25149	0.74851	0.50299	0.53234	True
SOX9_g6	SOX9	2309.3	2648.5	2309.3	2648.5	0.19769	57558	7.1359e+07	0.040165	0.20361	0.79639	0.40721	0.44852	True
KRT20_g4	KRT20	755.65	784.91	755.65	784.91	0.054738	428.07	5.2567e+06	0.012762	0.21336	0.78664	0.42672	0.4633	True
KRT20_g3	KRT20	1794.4	1836.2	1794.4	1836.2	0.033177	872.28	3.9599e+07	0.0066374	0.18765	0.81235	0.3753	0.41945	True
