sgrna	Gene	control_count	treatment_count	control_mean	treat_mean	LFC	control_var	adj_var	score	p.low	p.high	p.twosided	FDR	high_in_treatment
mKate2_g6	mKate2	4369.5	1038.2	4369.5	1038.2	-2.0723	5.5488e+06	9.3578e+05	3.4467	0.00028376	0.99972	0.00056751	0.028692	False
EGFP_g2	EGFP	911.53	2402.4	911.53	2402.4	1.3971	1.1113e+06	1.9521e+05	3.3742	0.99962	0.00037752	0.00075505	0.028692	True
EGFP_g1	EGFP	712.86	1930.4	712.86	1930.4	1.436	7.4126e+05	1.5267e+05	3.1162	0.99905	0.00094824	0.0018965	0.035948	True
mKate2_g2	mKate2	3113.2	623.09	3113.2	623.09	-2.319	3.1004e+06	6.6673e+05	3.0681	0.001077	0.99892	0.002154	0.035948	False
EGFP_g5	EGFP	802.85	2066.8	802.85	2066.8	1.3631	7.9876e+05	1.7194e+05	3.0482	0.99882	0.0011825	0.002365	0.035948	True
mKate2_g3	mKate2	2975.3	672.9	2975.3	672.9	-2.1429	2.6506e+06	6.372e+05	2.9002	0.0018646	0.99814	0.0037292	0.047237	False
mKate2_g1	mKate2	2583.8	578.52	2583.8	578.52	-2.1571	2.0106e+06	5.5336e+05	2.7209	0.0032555	0.99674	0.0065111	0.069767	False
EGFP_g3	EGFP	501.34	1386.9	501.34	1386.9	1.4661	3.9209e+05	1.0737e+05	2.7025	0.99633	0.003672	0.0073439	0.069767	True
KRT20_g5	KRT20	1195.5	2502.9	1195.5	2502.9	1.0653	8.5458e+05	2.5603e+05	2.5837	0.99507	0.0049318	0.0098635	0.083292	True
KRT20_g2	KRT20	1052.9	2191.7	1052.9	2191.7	1.057	6.4845e+05	2.255e+05	2.3982	0.99165	0.0083494	0.016699	0.12691	True
mKate2_g5	mKate2	2360.6	697.37	2360.6	697.37	-1.7577	1.3832e+06	5.0555e+05	2.3568	0.0092158	0.99078	0.018432	0.12735	False
SOX9_g5	SOX9	2964.8	1246.2	2964.8	1246.2	-1.2497	1.4768e+06	6.3495e+05	2.1593	0.015413	0.98459	0.030825	0.19523	False
KRT20_g1	KRT20	785.32	1551.2	785.32	1551.2	0.98111	2.9327e+05	1.6818e+05	1.8675	0.9682	0.0318	0.0636	0.37181	True
KRT20_g6	KRT20	610.02	1256.7	610.02	1256.7	1.0415	2.0908e+05	1.3064e+05	1.7891	0.96143	0.038566	0.077133	0.41872	True
mKate2_g4	mKate2	2061.5	964.79	2061.5	964.79	-1.0946	6.0134e+05	4.4148e+05	1.6595	0.048507	0.95149	0.097014	0.49154	False
SOX9_g2	SOX9	2207.5	1111.6	2207.5	1111.6	-0.98915	6.0053e+05	4.7277e+05	1.5995	0.054854	0.94515	0.10971	0.52111	False
EGFP_g4	EGFP	654.43	1235.7	654.43	1235.7	0.91598	1.6894e+05	1.4015e+05	1.5526	0.93722	0.062779	0.12556	0.56111	True
KRT20_g3	KRT20	1005	1705.9	1005	1705.9	0.76269	2.4559e+05	2.1524e+05	1.5106	0.93355	0.066447	0.13289	0.56111	True
EGFP_g6	EGFP	1619.7	2453	1619.7	2453	0.59853	3.4722e+05	3.4688e+05	1.4149	0.92122	0.078784	0.15757	0.6206	True
SOX9_g3	SOX9	1856.9	984.01	1856.9	984.01	-0.91549	3.8101e+05	3.9769e+05	1.394	0.081658	0.91834	0.16332	0.6206	False
SOX9_g1	SOX9	2679.7	1646.4	2679.7	1646.4	-0.70237	5.3378e+05	5.7388e+05	1.3651	0.086113	0.91389	0.17223	0.6233	False
SOX9_g6	SOX9	3245.3	2195.2	3245.3	2195.2	-0.56375	5.5128e+05	6.9501e+05	1.2598	0.10388	0.89612	0.20775	0.69375	False
SOX9_g4	SOX9	1470.1	778.65	1470.1	778.65	-0.91603	2.3908e+05	3.1485e+05	1.2537	0.10497	0.89503	0.20995	0.69375	False
KRT20_g4	KRT20	393.83	718.35	393.83	718.35	0.86547	52657	84343	1.1174	0.85544	0.14456	0.28912	0.91555	True
PROM1_g2	PROM1	2102.4	2562.3	2102.4	2562.3	0.2853	1.0576e+05	4.5024e+05	0.68543	0.75325	0.24675	0.4935	0.99825	True
ROSA26_g1	ROSA26	4602	5269.6	4602	5269.6	0.19539	2.2283e+05	9.8558e+05	0.67245	0.74935	0.25065	0.5013	0.99825	True
CTRL0003_g3	CTRL	4077.3	4675.4	4077.3	4675.4	0.19741	1.7883e+05	8.7321e+05	0.63999	0.73891	0.26109	0.52218	0.99825	True
LRIG1_g5	LRIG1	3045.4	3493	3045.4	3493	0.19775	1.0015e+05	6.5222e+05	0.55417	0.71025	0.28975	0.57951	0.99825	True
CCR5_g5	CCR5	1158.1	1434.1	1158.1	1434.1	0.30811	38078	2.4802e+05	0.55413	0.70732	0.29268	0.58536	0.99825	True
ROSA26_g6	ROSA26	2297.5	2624.3	2297.5	2624.3	0.19179	53402	4.9204e+05	0.4659	0.67919	0.32081	0.64162	0.99825	True
CTRL0009_g9	CTRL	1340.4	1556.4	1340.4	1556.4	0.2154	23329	2.8706e+05	0.40316	0.65445	0.34555	0.6911	0.99825	True
AAVS1_g2	AAVS1	1473.6	1698	1473.6	1698	0.20432	25167	3.156e+05	0.39936	0.65368	0.34632	0.69264	0.99825	True
CCR5_g2	CCR5	1776.3	2020.5	1776.3	2020.5	0.1857	29805	3.8042e+05	0.39585	0.6532	0.3468	0.6936	0.99825	True
AAVS1_g10	AAVS1	800.51	961.29	800.51	961.29	0.26376	12926	1.7144e+05	0.38832	0.64158	0.35842	0.71685	0.99825	True
PROM1_g6	PROM1	3577.2	3907.2	3577.2	3907.2	0.12729	54467	7.6609e+05	0.37709	0.64694	0.35306	0.70612	0.99825	True
LRIG1_g3	LRIG1	1199	1380.8	1199	1380.8	0.20347	16517	2.5678e+05	0.35868	0.63682	0.36318	0.72636	0.99825	True
ROSA26_g2	ROSA26	2043.9	2278.3	2043.9	2278.3	0.15652	27457	4.3773e+05	0.35419	0.63804	0.36196	0.72392	0.99825	True
PROM1_g3	PROM1	1509.9	1710.2	1509.9	1710.2	0.17966	20072	3.2335e+05	0.35235	0.63627	0.36373	0.72746	0.99825	True
ROSA26_g4	ROSA26	1900.2	2122.7	1900.2	2122.7	0.15969	24758	4.0695e+05	0.34882	0.63586	0.36414	0.72828	0.99825	True
CTRL0007_g7	CTRL	1616.2	1821.2	1616.2	1821.2	0.17218	21013	3.4613e+05	0.34845	0.63515	0.36485	0.7297	0.99825	True
CTRL0010_g10	CTRL	2331.4	2569.3	2331.4	2569.3	0.1401	28289	4.993e+05	0.33663	0.63162	0.36838	0.73676	0.99825	True
ROSA26_g3	ROSA26	2410.9	2641.8	2410.9	2641.8	0.13192	26664	5.1632e+05	0.32138	0.62589	0.37411	0.74822	0.99825	True
PROM1_g4	PROM1	2595.5	2832.3	2595.5	2832.3	0.12591	28037	5.5586e+05	0.31761	0.62452	0.37548	0.75097	0.99825	True
CTRL0006_g6	CTRL	2761.5	2994	2761.5	2994	0.1166	27034	5.914e+05	0.30236	0.61875	0.38125	0.7625	0.99825	True
CTRL0002_g2	CTRL	1321.7	1473.4	1321.7	1473.4	0.15662	11504	2.8306e+05	0.2851	0.60968	0.39032	0.78063	0.99825	True
PROM1_g5	PROM1	1440.9	1599.2	1440.9	1599.2	0.1503	12533	3.0859e+05	0.28501	0.61033	0.38967	0.77933	0.99825	True
AAVS1_g4	AAVS1	740.91	852.93	740.91	852.93	0.20287	6274.2	1.5867e+05	0.28122	0.59809	0.40191	0.80382	0.99825	True
LRIG1_g2	LRIG1	1078.6	1211.2	1078.6	1211.2	0.16711	8789.6	2.31e+05	0.27586	0.60376	0.39624	0.79249	0.99825	True
PROM1_g1	PROM1	1578.8	1738.2	1578.8	1738.2	0.13866	12701	3.3812e+05	0.27409	0.60669	0.39331	0.78662	0.99825	True
LRIG1_g1	LRIG1	1849.9	2015.2	1849.9	2015.2	0.1234	13659	3.9618e+05	0.26259	0.60291	0.39709	0.79417	0.99825	True
CCR5_g3	CCR5	978.14	1097.6	978.14	1097.6	0.16611	7137.9	2.0948e+05	0.26105	0.5964	0.4036	0.8072	0.99825	True
LRIG1_g4	LRIG1	2114	2277.4	2114	2277.4	0.10733	13341	4.5275e+05	0.24276	0.59556	0.40444	0.80887	0.99825	True
CCR5_g4	CCR5	828.56	922.84	828.56	922.84	0.1553	4444.8	1.7744e+05	0.22383	0.57818	0.42182	0.84364	0.99825	True
CTRL0004_g4	CTRL	740.91	824.96	740.91	824.96	0.15484	3532.6	1.5867e+05	0.21101	0.57004	0.42996	0.85992	0.99825	True
ROSA26_g8	ROSA26	1355.6	1468.2	1355.6	1468.2	0.11499	6333.7	2.9032e+05	0.20888	0.58024	0.41976	0.83952	0.99825	True
AAVS1_g1	AAVS1	1959.8	2093	1959.8	2093	0.094826	8872.4	4.1971e+05	0.20562	0.58093	0.41907	0.83813	0.99825	True
LRIG1_g6	LRIG1	1139.4	1237.4	1139.4	1237.4	0.11898	4805.4	2.4402e+05	0.19846	0.57417	0.42583	0.85166	0.99825	True
AAVS1_g6	AAVS1	606.52	672.03	606.52	672.03	0.14775	2146	1.2989e+05	0.18178	0.5514	0.4486	0.89721	0.99825	True
CTRL0001_g1	CTRL	1376.6	1468.2	1376.6	1468.2	0.092787	4187.4	2.9482e+05	0.16854	0.56448	0.43552	0.87105	0.99825	True
CTRL0008_g8	CTRL	1598.7	1680.5	1598.7	1680.5	0.071977	3348.4	3.4238e+05	0.13986	0.55421	0.44579	0.89158	0.99825	True
CCR5_g7	CCR5	2707.7	2803.5	2707.7	2803.5	0.050128	4586.1	5.7989e+05	0.12577	0.54996	0.45004	0.90009	0.99825	True
ROSA26_g5	ROSA26	1577.6	1646.4	1577.6	1646.4	0.061532	2365.8	3.3787e+05	0.11834	0.54559	0.45441	0.90882	0.99825	True
CCR5_g9	CCR5	1000.3	1039.1	1000.3	1039.1	0.054743	749.84	2.1423e+05	0.083667	0.52607	0.47393	0.94786	0.99825	True
CCR5_g6	CCR5	1583.5	1630.7	1583.5	1630.7	0.04236	1114.5	3.3912e+05	0.081075	0.53077	0.46923	0.93845	0.99825	True
CCR5_g10	CCR5	1540.2	1585.3	1540.2	1585.3	0.041528	1012.9	3.2986e+05	0.078368	0.52951	0.47049	0.94098	0.99825	True
ROSA26_g9	ROSA26	628.72	653.68	628.72	653.68	0.056075	311.45	1.3465e+05	0.068016	0.5057	0.4943	0.9886	0.99825	True
CCR5_g1	CCR5	1244.6	1275.9	1244.6	1275.9	0.035817	490.17	2.6654e+05	0.060646	0.52036	0.47964	0.95928	0.99825	True
AAVS1_g8	AAVS1	2177.1	2217.1	2177.1	2217.1	0.026214	797.58	4.6626e+05	0.058491	0.52298	0.47702	0.95404	0.99825	True
AAVS1_g5	AAVS1	1617.4	1587	1617.4	1587	-0.027332	461.23	3.4638e+05	0.055534	0.47786	0.52214	0.95571	0.99825	False
AAVS1_g3	AAVS1	1428.1	1404.4	1428.1	1404.4	-0.024127	280.85	3.0584e+05	0.049255	0.48036	0.51964	0.96072	0.99825	False
AAVS1_g9	AAVS1	626.38	641.44	626.38	641.44	0.034223	113.41	1.3415e+05	0.04112	0.49435	0.50565	0.98869	0.99825	True
AAVS1_g7	AAVS1	1116	1136.1	1116	1136.1	0.025647	200.7	2.3901e+05	0.040981	0.51086	0.48914	0.97829	0.99825	True
CTRL0005_g5	CTRL	1506.4	1490.9	1506.4	1490.9	-0.014894	119.84	3.226e+05	0.032402	0.48708	0.51292	0.97415	0.99825	False
CCR5_g8	CCR5	1756.4	1743.4	1756.4	1743.4	-0.01072	84.631	3.7616e+05	0.023886	0.49047	0.50953	0.98094	0.99825	False
ROSA26_g10	ROSA26	1736.6	1728.6	1736.6	1728.6	-0.0066575	31.998	3.7191e+05	0.015914	0.49365	0.50635	0.9873	0.99825	False
ROSA26_g7	ROSA26	2157.3	2159.4	2157.3	2159.4	0.0014221	2.2654	4.6201e+05	0.0031316	0.50087	0.49913	0.99825	0.99825	True
