sgrna	Gene	control_count	treatment_count	control_mean	treat_mean	LFC	control_var	adj_var	score	p.low	p.high	p.twosided	FDR	high_in_treatment
KRT20_g2	KRT20	954.74	6597.1	954.74	6597.1	2.7874	1.5918e+07	1.2767e+06	4.9936	1	3.7003e-07	7.4007e-07	5.6245e-05	True
EGFP_g2	EGFP	651.35	2101.6	651.35	2101.6	1.6885	1.0516e+06	5.8343e+05	1.8987	0.96413	0.035866	0.071731	0.76795	True
EGFP_g3	EGFP	392.56	1225.9	392.56	1225.9	1.6403	3.4719e+05	2.0688e+05	1.832	0.95847	0.041531	0.083063	0.76795	True
EGFP_g5	EGFP	686.25	1825.9	686.25	1825.9	1.4105	6.4937e+05	6.4924e+05	1.4144	0.90206	0.097941	0.19588	0.76795	True
EGFP_g4	EGFP	441.02	1150.5	441.02	1150.5	1.3813	2.5166e+05	2.6256e+05	1.3845	0.89681	0.10319	0.20637	0.76795	True
EGFP_g1	EGFP	598.04	1531.5	598.04	1531.5	1.3552	4.3571e+05	4.8984e+05	1.3338	0.88659	0.11341	0.22682	0.76795	True
KRT20_g4	KRT20	343.12	738.41	343.12	738.41	1.1034	78124	1.5707e+05	0.99739	0.80254	0.19746	0.39492	0.76795	True
KRT20_g5	KRT20	1024.5	2180.1	1024.5	2180.1	1.0887	6.6768e+05	1.4752e+06	0.95142	0.78677	0.21323	0.42646	0.76795	True
KRT20_g3	KRT20	747.31	1525.3	747.31	1525.3	1.0284	3.0267e+05	7.7307e+05	0.88489	0.76555	0.23445	0.46891	0.76795	True
KRT20_g1	KRT20	661.05	1322.9	661.05	1322.9	0.99982	2.1905e+05	6.0135e+05	0.85353	0.75507	0.24493	0.48986	0.76795	True
AAVS1_g4	AAVS1	817.1	511.2	817.1	511.2	-0.67556	46786	9.2817e+05	0.76864	0.22105	0.77895	0.44211	0.76795	False
ROSA26_g7	ROSA26	2064.6	1374.6	2064.6	1374.6	-0.5865	2.3804e+05	6.1975e+06	0.72175	0.23522	0.76478	0.47045	0.76795	False
SOX9_g6	SOX9	3470	2390.8	3470	2390.8	-0.53727	5.8237e+05	1.7956e+07	0.69581	0.24327	0.75673	0.48655	0.76795	False
AAVS1_g8	AAVS1	2173.1	1516.1	2173.1	1516.1	-0.51916	2.1587e+05	6.8836e+06	0.6812	0.24787	0.75213	0.49575	0.76795	False
AAVS1_g9	AAVS1	655.23	454.4	655.23	454.4	-0.52706	20166	5.9057e+05	0.67755	0.24903	0.75097	0.49806	0.76795	False
CCR5_g6	CCR5	1421	999.69	1421	999.69	-0.50689	88736	2.883e+06	0.67045	0.25128	0.74872	0.50257	0.76795	False
CCR5_g2	CCR5	1804.8	1315.7	1804.8	1315.7	-0.4557	1.196e+05	4.7052e+06	0.64022	0.26101	0.73899	0.52203	0.76795	False
LRIG1_g4	LRIG1	2194.4	1602.8	2194.4	1602.8	-0.45301	1.7502e+05	7.0227e+06	0.64007	0.26106	0.73894	0.52213	0.76795	False
KRT20_g6	KRT20	612.58	1068.9	612.58	1068.9	0.80212	1.041e+05	5.1453e+05	0.63612	0.67347	0.32653	0.65306	0.76795	True
SOX9_g3	SOX9	1758.3	1296.1	1758.3	1296.1	-0.43971	1.0681e+05	4.4601e+06	0.62988	0.26439	0.73561	0.52877	0.76795	False
CTRL0008_g8	CTRL	1507.2	1119.5	1507.2	1119.5	-0.42873	75172	3.253e+06	0.62165	0.26708	0.73292	0.53417	0.76795	False
SOX9_g2	SOX9	2325.3	1747.4	2325.3	1747.4	-0.41201	1.6699e+05	7.9074e+06	0.61448	0.26945	0.73055	0.5389	0.76795	False
CTRL0010_g10	CTRL	2399.9	1812.4	2399.9	1812.4	-0.40486	1.7257e+05	8.4361e+06	0.61016	0.27088	0.72912	0.54176	0.76795	False
CTRL0006_g6	CTRL	2815.7	2131.6	2815.7	2131.6	-0.40144	2.3406e+05	1.1703e+07	0.60931	0.27116	0.72884	0.54232	0.76795	False
PROM1_g3	PROM1	1545	1167	1545	1167	-0.40454	71456	3.4223e+06	0.60631	0.27215	0.72785	0.54431	0.76795	False
AAVS1_g6	AAVS1	636.81	481.25	636.81	481.25	-0.40334	12100	5.5708e+05	0.59854	0.27474	0.72526	0.54948	0.76795	False
LRIG1_g1	LRIG1	1850.3	1428.3	1850.3	1428.3	-0.3733	89075	4.9518e+06	0.58755	0.27842	0.72158	0.55683	0.76795	False
LRIG1_g2	LRIG1	996.42	770.42	996.42	770.42	-0.37068	25537	1.3935e+06	0.58068	0.28073	0.71927	0.56146	0.76795	False
AAVS1_g7	AAVS1	1058.5	822.06	1058.5	822.06	-0.36425	27941	1.577e+06	0.57694	0.28199	0.71801	0.56398	0.76795	False
ROSA26_g6	ROSA26	2176	1705	2176	1705	-0.3517	1.1091e+05	6.9025e+06	0.57483	0.2827	0.7173	0.56541	0.76795	False
CTRL0002_g2	CTRL	1240.7	967.67	1240.7	967.67	-0.35821	37265	2.1835e+06	0.57429	0.28289	0.71711	0.56577	0.76795	False
LRIG1_g5	LRIG1	3102.7	2445.5	3102.7	2445.5	-0.34324	2.1592e+05	1.4277e+07	0.5724	0.28352	0.71648	0.56705	0.76795	False
PROM1_g2	PROM1	2218.7	1750.5	2218.7	1750.5	-0.34177	1.096e+05	7.1825e+06	0.56846	0.28486	0.71514	0.56972	0.76795	False
CCR5_g10	CCR5	1393.8	1099.9	1393.8	1099.9	-0.34145	43206	2.7714e+06	0.5642	0.28631	0.71369	0.57262	0.76795	False
AAVS1_g3	AAVS1	1280.4	1012.1	1280.4	1012.1	-0.33899	36002	2.3291e+06	0.56184	0.28711	0.71289	0.57422	0.76795	False
PROM1_g6	PROM1	3431.2	2740.9	3431.2	2740.9	-0.32399	2.383e+05	1.7548e+07	0.56064	0.28752	0.71248	0.57504	0.76795	False
CCR5_g4	CCR5	852.96	674.38	852.96	674.38	-0.33848	15947	1.0135e+06	0.55807	0.2884	0.7116	0.5768	0.76795	False
LRIG1_g3	LRIG1	1146.7	917.07	1146.7	917.07	-0.32202	26355	1.858e+06	0.54958	0.2913	0.7087	0.58261	0.76795	False
PROM1_g4	PROM1	2403.8	1939.5	2403.8	1939.5	-0.30951	1.078e+05	8.4641e+06	0.54781	0.29191	0.70809	0.58382	0.76795	False
AAVS1_g1	AAVS1	1829	1472.7	1829	1472.7	-0.31244	63491	4.8356e+06	0.5473	0.29209	0.70791	0.58418	0.76795	False
PROM1_g1	PROM1	1553.8	1250.6	1553.8	1250.6	-0.31286	45938	3.462e+06	0.54612	0.29249	0.70751	0.58498	0.76795	False
CTRL0001_g1	CTRL	1324	1074	1324	1074	-0.30163	31247	2.4946e+06	0.53716	0.29558	0.70442	0.59116	0.76795	False
PROM1_g5	PROM1	1384.1	1136	1384.1	1136	-0.28478	30782	2.732e+06	0.52617	0.29939	0.70061	0.59877	0.76795	False
CCR5_g5	CCR5	1171.9	966.64	1171.9	966.64	-0.27748	21057	1.9426e+06	0.5197	0.30164	0.69836	0.60327	0.76795	False
CCR5_g3	CCR5	984.79	811.73	984.79	811.73	-0.2785	14974	1.3604e+06	0.51883	0.30194	0.69806	0.60388	0.76795	False
ROSA26_g8	ROSA26	1206.7	1001.8	1206.7	1001.8	-0.26836	21012	2.0629e+06	0.51374	0.30372	0.69628	0.60743	0.76795	False
AAVS1_g5	AAVS1	1302.7	1086.4	1302.7	1086.4	-0.26169	23387	2.413e+06	0.50988	0.30507	0.69493	0.61013	0.76795	False
SOX9_g1	SOX9	2644.2	2224.5	2644.2	2224.5	-0.24923	88065	1.0289e+07	0.50805	0.30571	0.69429	0.61142	0.76795	False
CTRL0004_g4	CTRL	688.19	572.13	688.19	572.13	-0.26602	6734	6.53e+05	0.50708	0.30605	0.69395	0.6121	0.76795	False
ROSA26_g4	ROSA26	1680.7	1416.9	1680.7	1416.9	-0.24618	34799	4.0665e+06	0.50163	0.30796	0.69204	0.61593	0.76795	False
SOX9_g5	SOX9	2797.3	2370.1	2797.3	2370.1	-0.239	91253	1.1547e+07	0.5016	0.30798	0.69202	0.61595	0.76795	False
CTRL0007_g7	CTRL	1591.6	1341.5	1591.6	1341.5	-0.2464	31258	3.6368e+06	0.50126	0.30809	0.69191	0.61619	0.76795	False
ROSA26_g5	ROSA26	1412.2	1191.8	1412.2	1191.8	-0.24468	24302	2.8469e+06	0.49895	0.30891	0.69109	0.61781	0.76795	False
ROSA26_g3	ROSA26	2345.7	1993.2	2345.7	1993.2	-0.23481	62119	8.0499e+06	0.49701	0.30959	0.69041	0.61918	0.76795	False
CTRL0003_g3	CTRL	3824.8	3267.6	3824.8	3267.6	-0.22709	1.5523e+05	2.1919e+07	0.49651	0.30977	0.69023	0.61954	0.76795	False
SOX9_g4	SOX9	1474.3	1248.6	1474.3	1248.6	-0.23954	25469	3.109e+06	0.49582	0.31001	0.68999	0.62002	0.76795	False
ROSA26_g1	ROSA26	4288.1	3703.4	4288.1	3703.4	-0.21143	1.7093e+05	2.7706e+07	0.48689	0.31317	0.68683	0.62633	0.76795	False
AAVS1_g2	AAVS1	1410.3	1207.3	1410.3	1207.3	-0.22408	20611	2.8389e+06	0.48469	0.31395	0.68605	0.6279	0.76795	False
ROSA26_g2	ROSA26	1808.7	1553.2	1808.7	1553.2	-0.21952	32624	4.726e+06	0.48393	0.31422	0.68578	0.62843	0.76795	False
AAVS1_g10	AAVS1	773.48	658.88	773.48	658.88	-0.23102	6566.4	8.2954e+05	0.48386	0.31424	0.68576	0.62849	0.76795	False
CCR5_g7	CCR5	2279.7	1967.4	2279.7	1967.4	-0.21251	48791	7.5933e+06	0.48133	0.31514	0.68486	0.63028	0.76795	False
CCR5_g9	CCR5	912.09	781.78	912.09	781.78	-0.22215	8490.3	1.1627e+06	0.4792	0.3159	0.6841	0.6318	0.76795	False
CCR5_g1	CCR5	1085.6	937.72	1085.6	937.72	-0.21104	10932	1.661e+06	0.47307	0.31808	0.68192	0.63616	0.76795	False
ROSA26_g9	ROSA26	521.47	465.76	521.47	465.76	-0.16266	1551.7	3.7001e+05	0.43157	0.33303	0.66697	0.66605	0.76795	False
CTRL0005_g5	CTRL	1302.7	1178.3	1302.7	1178.3	-0.14463	7732.5	2.413e+06	0.42773	0.33442	0.66558	0.66885	0.76795	False
CTRL0009_g9	CTRL	1372.5	1243.4	1372.5	1243.4	-0.14239	8331.3	2.6852e+06	0.42666	0.33481	0.66519	0.66963	0.76795	False
CCR5_g8	CCR5	1326.9	1213.5	1326.9	1213.5	-0.12887	6438.5	2.5058e+06	0.41655	0.3385	0.6615	0.67701	0.76795	False
LRIG1_g6	LRIG1	998.36	947.02	998.36	947.02	-0.076084	1317.8	1.3991e+06	0.37478	0.35391	0.64609	0.70782	0.79109	False
mKate2_g5	mKate2	2211.9	3144.7	2211.9	3144.7	0.50744	4.3505e+05	7.1375e+06	0.34915	0.54344	0.45656	0.91313	0.97743	True
mKate2_g3	mKate2	3033.8	4007	3033.8	4007	0.40127	4.7353e+05	1.3636e+07	0.26354	0.50139	0.49861	0.99722	0.99722	True
EGFP_g6	EGFP	1649.7	2130.5	1649.7	2130.5	0.3688	1.1559e+05	3.9142e+06	0.24303	0.49363	0.50637	0.98726	0.99722	True
mKate2_g2	mKate2	3310.1	4263.1	3310.1	4263.1	0.36495	4.5415e+05	1.6302e+07	0.23605	0.48768	0.51232	0.97537	0.99722	True
mKate2_g6	mKate2	4424.7	5687.3	4424.7	5687.3	0.36207	7.9698e+05	2.9545e+07	0.23227	0.48477	0.51523	0.96953	0.99722	True
mKate2_g1	mKate2	2703.3	3316.1	2703.3	3316.1	0.29466	1.8776e+05	1.0766e+07	0.18676	0.46425	0.53575	0.92849	0.98007	True
mKate2_g4	mKate2	2044.2	2184.2	2044.2	2184.2	0.095542	9803.9	6.073e+06	0.056822	0.40077	0.59923	0.80154	0.87024	True
ROSA26_g10	ROSA26	1637.1	1685.4	1637.1	1685.4	0.041935	1167.1	3.8532e+06	0.024613	0.38563	0.61437	0.77126	0.8495	True
