sgrna	Gene	control_count	treatment_count	control_mean	treat_mean	LFC	control_var	adj_var	score	p.low	p.high	p.twosided	FDR	high_in_treatment
SOX9_g1	SOX9	1003.6	597.87	1003.6	597.87	-0.74625	82293	98383	1.297	0.097313	0.90269	0.19463	0.99885	False
SOX9_g3	SOX9	690.45	397.59	690.45	397.59	-0.79474	42886	52996	1.2791	0.10044	0.89956	0.20087	0.99885	False
EGFP_g6	EGFP	1537.5	1983	1537.5	1983	0.36688	99229	1.994e+05	0.99764	0.84073	0.15927	0.31855	0.99885	True
SOX9_g2	SOX9	728.59	495.24	728.59	495.24	-0.55605	27226	57922	0.97372	0.1651	0.8349	0.33019	0.99885	False
CCR5_g6	CCR5	1134	797.17	1134	797.17	-0.50797	56739	1.2045e+05	0.97247	0.16541	0.83459	0.33082	0.99885	False
SOX9_g5	SOX9	900.2	631.75	900.2	631.75	-0.5102	36032	82185	0.93911	0.17384	0.82616	0.34767	0.99885	False
ROSA26_g7	ROSA26	1595.7	1201.7	1595.7	1201.7	-0.40876	77596	2.1206e+05	0.85624	0.19593	0.80407	0.39187	0.99885	False
SOX9_g4	SOX9	563	402.57	563	402.57	-0.48288	12869	37824	0.83025	0.2032	0.7968	0.4064	0.99885	False
AAVS1_g3	AAVS1	1078.8	831.05	1078.8	831.05	-0.37608	30700	1.109e+05	0.74562	0.22795	0.77205	0.4559	0.99885	False
CCR5_g10	CCR5	1187.2	922.72	1187.2	922.72	-0.36328	34980	1.2994e+05	0.735	0.23117	0.76883	0.46234	0.99885	False
KRT20_g5	KRT20	4394.6	5129.8	4394.6	5129.8	0.22311	2.7022e+05	1.1379e+06	0.68917	0.75464	0.24536	0.49073	0.99885	True
mKate2_g1	mKate2	2142.6	2540	2142.6	2540	0.24533	78945	3.4563e+05	0.67588	0.75041	0.24959	0.49918	0.99885	True
SOX9_g6	SOX9	1752.2	1441.9	1752.2	1441.9	-0.28107	48160	2.4764e+05	0.62414	0.26627	0.73373	0.53254	0.99885	False
mKate2_g3	mKate2	2448.7	2846.9	2448.7	2846.9	0.21728	79272	4.3129e+05	0.6063	0.72782	0.27218	0.54437	0.99885	True
mKate2_g4	mKate2	1512.4	1771.7	1512.4	1771.7	0.22818	33625	1.9404e+05	0.58871	0.72189	0.27811	0.55622	0.99885	True
AAVS1_g8	AAVS1	1646.9	1381.1	1646.9	1381.1	-0.25374	35315	2.2345e+05	0.56274	0.28681	0.71319	0.57361	0.99885	False
AAVS1_g4	AAVS1	610.17	494.24	610.17	494.24	-0.30343	6719.4	43202	0.56122	0.28733	0.71267	0.57465	0.99885	False
KRT20_g4	KRT20	1388.9	1591.3	1388.9	1591.3	0.19613	20484	1.6851e+05	0.49307	0.68891	0.31109	0.62218	0.99885	True
CCR5_g2	CCR5	1481.3	1272.5	1481.3	1272.5	-0.21903	21796	1.8747e+05	0.48282	0.31461	0.68539	0.62922	0.99885	False
EGFP_g2	EGFP	1537.5	1749.8	1537.5	1749.8	0.18651	22539	1.994e+05	0.47546	0.68268	0.31732	0.63464	0.99885	True
mKate2_g2	mKate2	2755.8	3093	2755.8	3093	0.16648	56855	5.2464e+05	0.46555	0.67921	0.32079	0.64158	0.99885	True
AAVS1_g7	AAVS1	834.97	727.41	834.97	727.41	-0.19869	5783.9	72567	0.40099	0.34422	0.65578	0.68843	0.99885	False
KRT20_g2	KRT20	3600.8	3952	3600.8	3952	0.13421	61653	8.1758e+05	0.38835	0.65111	0.34889	0.69778	0.99885	True
PROM1_g6	PROM1	2785.9	2505.1	2785.9	2505.1	-0.15322	39427	5.3418e+05	0.38433	0.35037	0.64963	0.70073	0.99885	False
EGFP_g4	EGFP	801.85	900.8	801.85	900.8	0.16767	4895.3	67868	0.37981	0.64759	0.35241	0.70482	0.99885	True
KRT20_g3	KRT20	3044.8	3342.1	3044.8	3342.1	0.13436	44192	6.1902e+05	0.37787	0.64722	0.35278	0.70557	0.99885	True
CTRL0007_g7	CTRL	1127	1252.5	1127	1252.5	0.15224	7880.3	1.1921e+05	0.3636	0.64173	0.35827	0.71655	0.99885	True
PROM1_g3	PROM1	1266.5	1130	1266.5	1130	-0.16441	9318.8	1.4463e+05	0.35972	0.35953	0.64047	0.71905	0.99885	False
PROM1_g4	PROM1	1974	1798.6	1974	1798.6	-0.13418	15385	3.0172e+05	0.31961	0.37463	0.62537	0.74927	0.99885	False
EGFP_g1	EGFP	1296.6	1420	1296.6	1420	0.131	7606.7	1.5036e+05	0.31808	0.62463	0.37537	0.75073	0.99885	True
CTRL0006_g6	CTRL	2117.5	1938.1	2117.5	1938.1	-0.12767	16095	3.3895e+05	0.3084	0.37889	0.62111	0.75778	0.99885	False
KRT20_g1	KRT20	2691.6	2883.7	2691.6	2883.7	0.099463	18467	5.0451e+05	0.27057	0.60661	0.39339	0.78678	0.99885	True
LRIG1_g2	LRIG1	875.11	803.14	875.11	803.14	-0.12366	2589.6	78430	0.25836	0.39806	0.60194	0.79613	0.99885	False
ROSA26_g3	ROSA26	1791.4	1918.2	1791.4	1918.2	0.098624	8040.8	2.5687e+05	0.25021	0.59871	0.40129	0.80259	0.99885	True
AAVS1_g5	AAVS1	1065.8	987.49	1065.8	987.49	-0.10998	3065.4	1.0868e+05	0.23845	0.40577	0.59423	0.81154	0.99885	False
CCR5_g9	CCR5	660.35	712.47	660.35	712.47	0.10944	1358.2	49230	0.2349	0.59226	0.40774	0.81547	0.99885	True
AAVS1_g9	AAVS1	519.85	479.3	519.85	479.3	-0.11694	822.23	33156	0.22597	0.41061	0.58939	0.82123	0.99885	False
CCR5_g5	CCR5	878.12	815.1	878.12	815.1	-0.10731	1985.7	78877	0.22573	0.41071	0.58929	0.82141	0.99885	False
AAVS1_g10	AAVS1	577.05	533.1	577.05	533.1	-0.11407	965.65	39396	0.22417	0.41131	0.58869	0.82263	0.99885	False
ROSA26_g10	ROSA26	1291.6	1376.1	1291.6	1376.1	0.091375	3571.5	1.494e+05	0.21866	0.58637	0.41363	0.82726	0.99885	True
PROM1_g2	PROM1	1676	1779.7	1676	1779.7	0.086577	5378.5	2.3003e+05	0.21625	0.5855	0.4145	0.82899	0.99885	True
mKate2_g6	mKate2	3819.6	4020.7	3819.6	4020.7	0.074017	20226	9.0163e+05	0.21182	0.58386	0.41614	0.83227	0.99885	True
ROSA26_g2	ROSA26	1440.1	1527.6	1440.1	1527.6	0.084992	3823.8	1.7892e+05	0.20674	0.58176	0.41824	0.83649	0.99885	True
CTRL0005_g5	CTRL	1121	1050.3	1121	1050.3	-0.093925	2500.6	1.1816e+05	0.20656	0.41818	0.58182	0.83636	0.99885	False
CTRL0001_g1	CTRL	1027.7	1092.1	1027.7	1092.1	0.087692	2077.8	1.0232e+05	0.20153	0.57958	0.42042	0.84084	0.99885	True
LRIG1_g3	LRIG1	863.07	808.13	863.07	808.13	-0.094779	1509.3	76652	0.19979	0.42082	0.57918	0.84164	0.99885	False
AAVS1_g1	AAVS1	1407	1326.3	1407	1326.3	-0.085171	3257.6	1.7216e+05	0.19505	0.42268	0.57732	0.84535	0.99885	False
LRIG1_g5	LRIG1	2260	2142.4	2260	2142.4	-0.077092	6920.8	3.776e+05	0.19163	0.42402	0.57598	0.84803	0.99885	False
AAVS1_g2	AAVS1	1160.1	1226.6	1160.1	1226.6	0.080365	2212.1	1.2507e+05	0.18808	0.57437	0.42563	0.85125	0.99885	True
PROM1_g5	PROM1	1148.1	1210.7	1148.1	1210.7	0.076547	1960.3	1.2293e+05	0.17859	0.57064	0.42936	0.85871	0.99885	True
ROSA26_g4	ROSA26	1475.2	1400	1475.2	1400	-0.075451	2829.1	1.8621e+05	0.17477	0.43063	0.56937	0.86126	0.99885	False
ROSA26_g9	ROSA26	439.56	412.53	439.56	412.53	-0.091343	365.29	25135	0.17452	0.43073	0.56927	0.86146	0.99885	False
CTRL0004_g4	CTRL	624.22	587.91	624.22	587.91	-0.086314	659.17	44858	0.17375	0.43103	0.56897	0.86206	0.99885	False
CTRL0003_g3	CTRL	3212.4	3332.2	3212.4	3332.2	0.052779	7168.2	6.7655e+05	0.14557	0.55785	0.44215	0.8843	0.99885	True
CCR5_g8	CCR5	1079.8	1128	1079.8	1128	0.062882	1159.3	1.1107e+05	0.14448	0.55718	0.44282	0.88565	0.99885	True
mKate2_g5	mKate2	2126.6	2207.2	2126.6	2207.2	0.053641	3247.7	3.4135e+05	0.13794	0.5548	0.4452	0.89041	0.99885	True
ROSA26_g8	ROSA26	1016.6	974.54	1016.6	974.54	-0.060924	885.29	1.0051e+05	0.13367	0.44683	0.55317	0.89367	0.99885	False
KRT20_g6	KRT20	2305.2	2230.1	2305.2	2230.1	-0.047777	2821.7	3.9019e+05	0.12042	0.45208	0.54792	0.90415	0.99885	False
CTRL0009_g9	CTRL	1009.6	1043.3	1009.6	1043.3	0.047328	567.92	99362	0.10692	0.54226	0.45774	0.91548	0.99885	True
LRIG1_g1	LRIG1	1375.9	1337.2	1375.9	1337.2	-0.041071	746.71	1.659e+05	0.095374	0.46201	0.53799	0.92402	0.99885	False
ROSA26_g6	ROSA26	1858.6	1813.6	1858.6	1813.6	-0.035384	1014.9	2.7305e+05	0.086473	0.46555	0.53445	0.93109	0.99885	False
CTRL0010_g10	CTRL	1794.4	1834.5	1794.4	1834.5	0.031868	804	2.5759e+05	0.079009	0.53139	0.46861	0.93722	0.99885	True
LRIG1_g6	LRIG1	877.12	857.95	877.12	857.95	-0.031841	183.71	78728	0.069489	0.4723	0.5277	0.9446	0.99885	False
ROSA26_g5	ROSA26	1124	1101.1	1124	1101.1	-0.029683	262.43	1.1869e+05	0.067231	0.4732	0.5268	0.9464	0.99885	False
EGFP_g3	EGFP	724.58	740.37	724.58	740.37	0.031064	124.7	57396	0.065918	0.52569	0.47431	0.94862	0.99885	True
CCR5_g3	CCR5	783.79	798.16	783.79	798.16	0.026189	103.34	65358	0.056234	0.5219	0.4781	0.95619	0.99885	True
CCR5_g1	CCR5	791.81	779.23	791.81	779.23	-0.023085	79.19	66469	0.050205	0.47998	0.52002	0.95996	0.99885	False
CCR5_g7	CCR5	1718.1	1739.8	1718.1	1739.8	0.018103	235.61	2.397e+05	0.044338	0.51757	0.48243	0.96485	0.99885	True
CCR5_g4	CCR5	609.17	617.8	609.17	617.8	0.020281	37.31	43084	0.041617	0.51579	0.48421	0.96842	0.99885	True
CTRL0008_g8	CTRL	1110.9	1122	1110.9	1122	0.014282	61.185	1.1641e+05	0.032422	0.51266	0.48734	0.97469	0.99885	True
AAVS1_g6	AAVS1	476.69	472.32	476.69	472.32	-0.01327	9.5644	28735	0.028957	0.48845	0.51155	0.9769	0.99885	False
ROSA26_g1	ROSA26	3655	3635.1	3655	3635.1	-0.0078803	198.31	8.3809e+05	0.021796	0.49131	0.50869	0.98261	0.99885	False
CTRL0002_g2	CTRL	961.42	966.56	961.42	966.56	0.0076938	13.242	91638	0.017	0.50641	0.49359	0.98717	0.99885	True
EGFP_g5	EGFP	1442.1	1443.9	1442.1	1443.9	0.001739	1.5149	1.7933e+05	0.0041103	0.50148	0.49852	0.99705	0.99885	True
PROM1_g1	PROM1	1093.9	1093.1	1093.9	1093.1	-0.001021	0.29997	1.1347e+05	0.0030309	0.49879	0.50121	0.99758	0.99885	False
LRIG1_g4	LRIG1	1620.8	1620.2	1620.8	1620.2	-0.00046391	0.13593	2.1762e+05	0.0014389	0.49943	0.50057	0.99885	0.99885	False
