sgrna	Gene	control_count	treatment_count	control_mean	treat_mean	LFC	control_var	adj_var	score	p.low	p.high	p.twosided	FDR	high_in_treatment
SOX9_g5	SOX9	2420.2	982.15	2420.2	982.15	-1.3002	1.034e+06	1.2995e+08	1.5718	0.057995	0.942	0.11599	0.38379	False
SOX9_g2	SOX9	1907.6	794.92	1907.6	794.92	-1.2618	6.1904e+05	7.3442e+07	1.5387	0.061935	0.93807	0.12387	0.38379	False
SOX9_g1	SOX9	2269.3	1094.9	2269.3	1094.9	-1.0507	6.8953e+05	1.1136e+08	1.4775	0.069777	0.93022	0.13955	0.38379	False
SOX9_g6	SOX9	3529	1911.7	3529	1911.7	-0.88404	1.3078e+06	3.2103e+08	1.4549	0.072846	0.92715	0.14569	0.38379	False
SOX9_g4	SOX9	1224.8	614.25	1224.8	614.25	-0.99448	1.8639e+05	2.5385e+07	1.4036	0.080212	0.91979	0.16042	0.38379	False
SOX9_g3	SOX9	1382.2	753.31	1382.2	753.31	-0.87475	1.9773e+05	3.3918e+07	1.3686	0.085559	0.91444	0.17112	0.38379	False
EGFP_g3	EGFP	1203.6	790.54	1203.6	790.54	-0.60588	85329	2.4345e+07	1.25	0.10564	0.89436	0.21128	0.38379	False
ROSA26_g7	ROSA26	2370.5	1740.9	2370.5	1740.9	-0.4451	1.9816e+05	1.2364e+08	1.2492	0.10581	0.89419	0.21161	0.38379	False
CTRL0007_g7	CTRL	1740.1	1229.6	1740.1	1229.6	-0.50066	1.3032e+05	5.8919e+07	1.2421	0.10711	0.89289	0.21421	0.38379	False
EGFP_g6	EGFP	2240.7	1677.4	2240.7	1677.4	-0.4175	1.5865e+05	1.0803e+08	1.2325	0.10888	0.89112	0.21776	0.38379	False
AAVS1_g8	AAVS1	2370.5	1796.8	2370.5	1796.8	-0.39957	1.6457e+05	1.2364e+08	1.2306	0.10923	0.89077	0.21846	0.38379	False
ROSA26_g1	ROSA26	4655.4	3987.7	4655.4	3987.7	-0.22328	2.2288e+05	6.2373e+08	1.2252	0.11024	0.88976	0.22049	0.38379	False
CCR5_g7	CCR5	2430.3	1874.5	2430.3	1874.5	-0.37444	1.5445e+05	1.3126e+08	1.2228	0.1107	0.8893	0.22141	0.38379	False
AAVS1_g1	AAVS1	2000.6	1535.1	2000.6	1535.1	-0.38186	1.0833e+05	8.2316e+07	1.2068	0.11375	0.88625	0.2275	0.38379	False
ROSA26_g6	ROSA26	2531.5	2027.8	2531.5	2027.8	-0.31994	1.2686e+05	1.4475e+08	1.2044	0.11422	0.88578	0.22845	0.38379	False
EGFP_g2	EGFP	2142.3	1677.4	2142.3	1677.4	-0.3527	1.0804e+05	9.6996e+07	1.2015	0.11479	0.88521	0.22957	0.38379	False
ROSA26_g10	ROSA26	1838.6	1409.2	1838.6	1409.2	-0.38352	92202	6.7232e+07	1.1993	0.11521	0.88479	0.23043	0.38379	False
ROSA26_g2	ROSA26	2004.2	1571.2	2004.2	1571.2	-0.35097	93750	8.268e+07	1.1942	0.1162	0.8838	0.2324	0.38379	False
LRIG1_g4	LRIG1	2194.7	1768.3	2194.7	1768.3	-0.31151	90913	1.0279e+08	1.1867	0.11767	0.88233	0.23534	0.38379	False
EGFP_g5	EGFP	1978.5	1573.4	1978.5	1573.4	-0.3303	82036	8.0154e+07	1.1843	0.11815	0.88185	0.23629	0.38379	False
LRIG1_g5	LRIG1	2876.6	2465.8	2876.6	2465.8	-0.22224	84388	1.9664e+08	1.1765	0.11971	0.88029	0.23941	0.38379	False
AAVS1_g2	AAVS1	1619.6	1265.7	1619.6	1265.7	-0.3554	62604	4.9602e+07	1.1751	0.11999	0.88001	0.23997	0.38379	False
CTRL0003_g3	CTRL	3864	3504.9	3864	3504.9	-0.1407	64487	3.99e+08	1.1722	0.12055	0.87945	0.2411	0.38379	False
CTRL0006_g6	CTRL	2681.5	2310.3	2681.5	2310.3	-0.21488	68901	1.6617e+08	1.1663	0.12175	0.87825	0.2435	0.38379	False
AAVS1_g3	AAVS1	1500.9	1177	1500.9	1177	-0.35037	52432	4.1327e+07	1.1654	0.12192	0.87808	0.24384	0.38379	False
EGFP_g1	EGFP	1752.1	1414.6	1752.1	1414.6	-0.30844	56936	5.9895e+07	1.1631	0.1224	0.8776	0.2448	0.38379	False
PROM1_g2	PROM1	2178.2	1828.5	2178.2	1828.5	-0.2523	61119	1.0094e+08	1.1611	0.1228	0.8772	0.2456	0.38379	False
EGFP_g4	EGFP	1149.4	874.85	1149.4	874.85	-0.39332	37676	2.1795e+07	1.1574	0.12355	0.87645	0.2471	0.38379	False
CCR5_g9	CCR5	970.83	720.46	970.83	720.46	-0.42978	31342	1.454e+07	1.1565	0.12375	0.87625	0.24749	0.38379	False
CCR5_g8	CCR5	1482.5	1178.1	1482.5	1178.1	-0.33124	46308	4.0122e+07	1.1561	0.12382	0.87618	0.24763	0.38379	False
CCR5_g1	CCR5	1133.7	863.9	1133.7	863.9	-0.39172	36399	2.109e+07	1.1554	0.12397	0.87603	0.24793	0.38379	False
ROSA26_g3	ROSA26	2279.4	1954.4	2279.4	1954.4	-0.22178	52791	1.1255e+08	1.1528	0.1245	0.8755	0.24901	0.38379	False
PROM1_g6	PROM1	3322	3039.5	3322	3039.5	-0.12816	39894	2.7771e+08	1.1515	0.12477	0.87523	0.24954	0.38379	False
CCR5_g6	CCR5	1522	1237.3	1522	1237.3	-0.29863	40548	4.2738e+07	1.1449	0.12613	0.87387	0.25227	0.38379	False
CCR5_g4	CCR5	888.01	664.62	888.01	664.62	-0.4175	24951	1.1742e+07	1.1426	0.12661	0.87339	0.25323	0.38379	False
AAVS1_g7	AAVS1	1163.2	910.98	1163.2	910.98	-0.35221	31796	2.2428e+07	1.1411	0.12692	0.87308	0.25385	0.38379	False
CCR5_g2	CCR5	1901.2	1616.1	1901.2	1616.1	-0.23423	40629	7.2849e+07	1.1397	0.1272	0.8728	0.2544	0.38379	False
PROM1_g4	PROM1	2398.1	2153.7	2398.1	2153.7	-0.15498	29857	1.2712e+08	1.1294	0.12935	0.87065	0.25871	0.38379	False
LRIG1_g1	LRIG1	1757.6	1501.1	1757.6	1501.1	-0.22742	32888	6.0349e+07	1.1288	0.12948	0.87052	0.25896	0.38379	False
AAVS1_g5	AAVS1	1396.9	1162.8	1396.9	1162.8	-0.26439	27396	3.4791e+07	1.1216	0.13102	0.86898	0.26205	0.38379	False
PROM1_g5	PROM1	1481.6	1252.6	1481.6	1252.6	-0.24201	26210	4.0062e+07	1.1178	0.13182	0.86818	0.26364	0.38379	False
CTRL0010_g10	CTRL	2167.1	1957.7	2167.1	1957.7	-0.14652	21920	9.9715e+07	1.1154	0.13234	0.86766	0.26468	0.38379	False
CTRL0008_g8	CTRL	1432.8	1212.1	1432.8	1212.1	-0.24114	24353	3.6973e+07	1.1141	0.13262	0.86738	0.26525	0.38379	False
CTRL0009_g9	CTRL	1286.5	1101.5	1286.5	1101.5	-0.22376	17106	2.8557e+07	1.0956	0.13664	0.86336	0.27327	0.38379	False
ROSA26_g5	ROSA26	1405.2	1226.3	1405.2	1226.3	-0.19626	15994	3.5287e+07	1.0925	0.1373	0.8627	0.2746	0.38379	False
CCR5_g3	CCR5	1027	855.14	1027	855.14	-0.26387	14762	1.6638e+07	1.0903	0.13779	0.86221	0.27558	0.38379	False
CCR5_g5	CCR5	1124.5	958.06	1124.5	958.06	-0.23088	13852	2.0682e+07	1.085	0.13896	0.86104	0.27793	0.38379	False
CTRL0001_g1	CTRL	1285.5	1121.2	1285.5	1121.2	-0.19716	13504	2.8508e+07	1.0838	0.13922	0.86078	0.27845	0.38379	False
AAVS1_g10	AAVS1	777.58	629.58	777.58	629.58	-0.30417	10952	8.5399e+06	1.0801	0.14005	0.85995	0.2801	0.38379	False
LRIG1_g6	LRIG1	1108.9	956.97	1108.9	956.97	-0.21233	11536	1.9999e+07	1.0754	0.1411	0.8589	0.28221	0.38379	False
ROSA26_g8	ROSA26	1245.1	1109.2	1245.1	1109.2	-0.1666	9233.4	2.6402e+07	1.067	0.14298	0.85702	0.28597	0.38379	False
AAVS1_g4	AAVS1	790.47	665.72	790.47	665.72	-0.24746	7781.4	8.8831e+06	1.0565	0.14537	0.85463	0.29073	0.38379	False
CTRL0002_g2	CTRL	1167.8	1048.9	1167.8	1048.9	-0.15467	7058.6	2.2641e+07	1.0551	0.1457	0.8543	0.2914	0.38379	False
ROSA26_g9	ROSA26	592.62	479.58	592.62	479.58	-0.30477	6389.2	4.4525e+06	1.0532	0.14613	0.85387	0.29226	0.38379	False
PROM1_g1	PROM1	1298.4	1193.5	1298.4	1193.5	-0.1215	5507.9	2.9198e+07	1.0513	0.14657	0.85343	0.29314	0.38379	False
PROM1_g3	PROM1	1472.3	1381.8	1472.3	1381.8	-0.091507	4099.6	3.9468e+07	1.051	0.14663	0.85337	0.29325	0.38379	False
CCR5_g10	CCR5	1379.4	1295.3	1379.4	1295.3	-0.090694	3537	3.3756e+07	1.0438	0.14829	0.85171	0.29658	0.38379	False
ROSA26_g4	ROSA26	1660.1	1609.5	1660.1	1609.5	-0.044567	1276.6	5.2627e+07	1.0426	0.14856	0.85144	0.29711	0.38379	False
LRIG1_g3	LRIG1	1038.9	941.64	1038.9	941.64	-0.1417	4732.5	1.7107e+07	1.0371	0.14985	0.85015	0.29969	0.38379	False
CTRL0005_g5	CTRL	1289.2	1223	1289.2	1223	-0.075979	2190.6	2.8704e+07	1.03	0.1515	0.8485	0.30299	0.38379	False
AAVS1_g9	AAVS1	654.28	567.17	654.28	567.17	-0.20577	3793.4	5.6449e+06	1.0183	0.15426	0.84574	0.30852	0.38439	False
LRIG1_g2	LRIG1	1006.7	954.78	1006.7	954.78	-0.076346	1348.9	1.5863e+07	1.004	0.15768	0.84232	0.31536	0.38657	False
CTRL0004_g4	CTRL	707.65	681.05	707.65	681.05	-0.055201	353.84	6.8126e+06	0.95664	0.16937	0.83063	0.33875	0.40865	False
AAVS1_g6	AAVS1	540.17	520.09	540.17	520.09	-0.054541	201.54	3.5654e+06	0.92737	0.17687	0.82313	0.35374	0.42006	False
mKate2_g3	mKate2	830.04	2671.6	830.04	2671.6	1.6853	1.6957e+06	9.9868e+06	0.58275	0.53606	0.46394	0.92789	0.98294	True
mKate2_g5	mKate2	734.33	2320.2	734.33	2320.2	1.6584	1.2574e+06	7.4449e+06	0.5812	0.5371	0.4629	0.92579	0.98294	True
mKate2_g1	mKate2	761.02	2337.7	761.02	2337.7	1.6178	1.2429e+06	8.1102e+06	0.55363	0.52108	0.47892	0.95784	0.98708	True
mKate2_g6	mKate2	1270.8	4167.3	1270.8	4167.3	1.7126	4.1948e+06	2.7731e+07	0.55003	0.51096	0.48904	0.97808	0.98708	True
mKate2_g2	mKate2	993.84	3006.7	993.84	3006.7	1.5961	2.0258e+06	1.538e+07	0.51325	0.49354	0.50646	0.98708	0.98708	True
KRT20_g2	KRT20	1280	3928.6	1280	3928.6	1.6171	3.5075e+06	2.8215e+07	0.49862	0.48082	0.51918	0.96164	0.98708	True
KRT20_g6	KRT20	900.89	2515.1	900.89	2515.1	1.4801	1.3028e+06	1.2154e+07	0.463	0.46561	0.53439	0.93121	0.98294	True
KRT20_g1	KRT20	1064.7	2936.6	1064.7	2936.6	1.4628	1.752e+06	1.8142e+07	0.43948	0.44854	0.55146	0.89708	0.98294	True
KRT20_g4	KRT20	617.47	1515.4	617.47	1515.4	1.2939	4.0313e+05	4.9132e+06	0.40509	0.43792	0.56208	0.87584	0.97888	True
KRT20_g3	KRT20	1303.9	3322	1303.9	3322	1.3485	2.0363e+06	2.9496e+07	0.37158	0.40306	0.59694	0.80612	0.9144	True
KRT20_g5	KRT20	1841.4	4794.7	1841.4	4794.7	1.3802	4.3611e+06	6.7474e+07	0.35954	0.38915	0.61085	0.77831	0.89623	True
mKate2_g4	mKate2	954.27	1650.1	954.27	1650.1	0.78942	2.4206e+05	1.3953e+07	0.18627	0.29078	0.70922	0.58155	0.67997	True
