sgrna	Gene	control_count	treatment_count	control_mean	treat_mean	LFC	control_var	adj_var	score	p.low	p.high	p.twosided	FDR	high_in_treatment
SOX9_g5	SOX9	2606.6	632.68	2606.6	632.68	-2.0409	1.9482e+06	3.9451e+09	2.4193	0.0077742	0.99223	0.015548	0.094594	False
SOX9_g1	SOX9	2444.1	645.8	2444.1	645.8	-1.9185	1.6169e+06	3.2924e+09	2.379	0.008679	0.99132	0.017358	0.094594	False
SOX9_g2	SOX9	2054.6	517.65	2054.6	517.65	-1.9867	1.1811e+06	2.0217e+09	2.3716	0.0088555	0.99114	0.017711	0.094594	False
SOX9_g3	SOX9	1488.6	393.53	1488.6	393.53	-1.9168	5.9963e+05	8.1781e+08	2.3069	0.010531	0.98947	0.021063	0.094594	False
SOX9_g6	SOX9	3800.9	1631.6	3800.9	1631.6	-1.2195	2.3528e+06	1.1382e+10	2.2616	0.011861	0.98814	0.023721	0.094594	False
SOX9_g4	SOX9	1319.2	401.6	1319.2	401.6	-1.7133	4.2096e+05	5.8237e+08	2.235	0.01271	0.98729	0.025419	0.094594	False
ROSA26_g7	ROSA26	2553.1	1209.9	2553.1	1209.9	-1.0768	9.0214e+05	3.7218e+09	2.1621	0.015304	0.9847	0.030608	0.094594	False
AAVS1_g8	AAVS1	2553.1	1583.2	2553.1	1583.2	-0.68905	4.7034e+05	3.7218e+09	2.0532	0.020028	0.97997	0.040057	0.094594	False
ROSA26_g1	ROSA26	5014	4057.4	5014	4057.4	-0.30534	4.5754e+05	2.4783e+10	2.0527	0.020051	0.97995	0.040101	0.094594	False
ROSA26_g6	ROSA26	2726.5	1753.7	2726.5	1753.7	-0.63634	4.7317e+05	4.4765e+09	2.0487	0.020247	0.97975	0.040494	0.094594	False
AAVS1_g3	AAVS1	1616.5	910.17	1616.5	910.17	-0.82797	2.4945e+05	1.0308e+09	2.0192	0.021731	0.97827	0.043462	0.094594	False
CCR5_g6	CCR5	1639.3	939.43	1639.3	939.43	-0.80256	2.449e+05	1.0722e+09	2.0141	0.021998	0.978	0.043996	0.094594	False
CTRL0006_g6	CTRL	2888.1	2101.9	2888.1	2101.9	-0.45826	3.0907e+05	5.2621e+09	2.0065	0.022399	0.9776	0.044798	0.094594	False
CTRL0003_g3	CTRL	4161.7	3520.6	4161.7	3520.6	-0.24128	2.0548e+05	1.4684e+10	2.0036	0.022558	0.97744	0.045116	0.094594	False
PROM1_g6	PROM1	3577.9	2870.8	3577.9	2870.8	-0.31758	2.5002e+05	9.6041e+09	2.0008	0.022705	0.97729	0.04541	0.094594	False
LRIG1_g5	LRIG1	3098.2	2363.2	3098.2	2363.2	-0.39054	2.7011e+05	6.4097e+09	1.9984	0.022839	0.97716	0.045678	0.094594	False
AAVS1_g1	AAVS1	2154.7	1455.1	2154.7	1455.1	-0.56607	2.4473e+05	2.3108e+09	1.9898	0.023306	0.97669	0.046613	0.094594	False
CCR5_g2	CCR5	2047.6	1415.7	2047.6	1415.7	-0.53212	1.9966e+05	2.0026e+09	1.9714	0.024341	0.97566	0.048681	0.094594	False
LRIG1_g4	LRIG1	2363.8	1750.7	2363.8	1750.7	-0.43295	1.8793e+05	2.9976e+09	1.9659	0.024654	0.97535	0.049308	0.094594	False
PROM1_g4	PROM1	2582.8	2061.5	2582.8	2061.5	-0.32511	1.3589e+05	3.8448e+09	1.9487	0.025664	0.97434	0.051329	0.094594	False
CCR5_g7	CCR5	2617.5	2108.9	2617.5	2108.9	-0.31156	1.2933e+05	3.9917e+09	1.9469	0.025772	0.97423	0.051544	0.094594	False
ROSA26_g3	ROSA26	2455	1944.4	2455	1944.4	-0.33619	1.3032e+05	3.3338e+09	1.9435	0.025979	0.97402	0.051957	0.094594	False
AAVS1_g5	AAVS1	1504.5	991.9	1504.5	991.9	-0.60052	1.3138e+05	8.4252e+08	1.9404	0.026166	0.97383	0.052333	0.094594	False
CTRL0007_g7	CTRL	1874.2	1348.1	1874.2	1348.1	-0.47504	1.3838e+05	1.5618e+09	1.9396	0.026212	0.97379	0.052425	0.094594	False
ROSA26_g2	ROSA26	2158.6	1647.8	2158.6	1647.8	-0.38938	1.3048e+05	2.3228e+09	1.9377	0.026327	0.97367	0.052655	0.094594	False
EGFP_g6	EGFP	2413.3	1936.4	2413.3	1936.4	-0.31753	1.1375e+05	3.1775e+09	1.935	0.026494	0.97351	0.052987	0.094594	False
EGFP_g2	EGFP	2307.3	1871.8	2307.3	1871.8	-0.30163	94830	2.8006e+09	1.9227	0.027262	0.97274	0.054524	0.094594	False
LRIG1_g1	LRIG1	1893	1427.8	1893	1427.8	-0.40663	1.0821e+05	1.6063e+09	1.9208	0.02738	0.97262	0.05476	0.094594	False
AAVS1_g7	AAVS1	1252.8	805.23	1252.8	805.23	-0.637	1.0014e+05	5.0372e+08	1.9207	0.027385	0.97261	0.05477	0.094594	False
PROM1_g2	PROM1	2345.9	1941.4	2345.9	1941.4	-0.27293	81821	2.9344e+09	1.9168	0.02763	0.97237	0.055261	0.094594	False
EGFP_g5	EGFP	2130.9	1723.5	2130.9	1723.5	-0.30598	82993	2.2399e+09	1.9105	0.028037	0.97196	0.056074	0.094594	False
AAVS1_g2	AAVS1	1744.3	1311.8	1744.3	1311.8	-0.4109	93561	1.2765e+09	1.9082	0.028181	0.97182	0.056363	0.094594	False
CCR5_g9	CCR5	1045.6	651.85	1045.6	651.85	-0.68091	77526	3.0317e+08	1.9036	0.02848	0.97152	0.056959	0.094594	False
CCR5_g10	CCR5	1485.7	1079.7	1485.7	1079.7	-0.46013	82410	8.1323e+08	1.8959	0.028986	0.97101	0.057972	0.094594	False
CTRL0010_g10	CTRL	2334.1	2051.4	2334.1	2051.4	-0.18614	39945	2.8928e+09	1.8896	0.029403	0.9706	0.058807	0.094594	False
LRIG1_g6	LRIG1	1194.3	820.36	1194.3	820.36	-0.54126	69909	4.4042e+08	1.8836	0.029813	0.97019	0.059626	0.094594	False
ROSA26_g10	ROSA26	1980.2	1656.9	1980.2	1656.9	-0.25707	52282	1.8229e+09	1.8831	0.029846	0.97015	0.059691	0.094594	False
PROM1_g3	PROM1	1585.8	1221	1585.8	1221	-0.3769	66544	9.767e+08	1.8816	0.029943	0.97006	0.059885	0.094594	False
EGFP_g1	EGFP	1887.1	1562	1887.1	1562	-0.27258	52829	1.5921e+09	1.8795	0.030086	0.96991	0.060172	0.094594	False
CCR5_g1	CCR5	1221	861.73	1221	861.73	-0.50231	64552	4.6871e+08	1.8754	0.030369	0.96963	0.060739	0.094594	False
ROSA26_g4	ROSA26	1788	1463.1	1788	1463.1	-0.28907	52756	1.3682e+09	1.8753	0.030374	0.96963	0.060749	0.094594	False
CTRL0008_g8	CTRL	1543.2	1193.7	1543.2	1193.7	-0.37015	61054	9.0475e+08	1.8749	0.030403	0.9696	0.060806	0.094594	False
PROM1_g5	PROM1	1595.7	1277.5	1595.7	1277.5	-0.32067	50631	9.9395e+08	1.8654	0.031059	0.96894	0.062119	0.094594	False
ROSA26_g5	ROSA26	1513.4	1199.8	1513.4	1199.8	-0.33481	49189	8.5662e+08	1.8607	0.031394	0.96861	0.062788	0.094594	False
CCR5_g4	CCR5	956.42	638.73	956.42	638.73	-0.58168	50462	2.36e+08	1.8581	0.031576	0.96842	0.063152	0.094594	False
LRIG1_g3	LRIG1	1119	806.23	1119	806.23	-0.47239	48898	3.6677e+08	1.8512	0.03207	0.96793	0.064139	0.094594	False
EGFP_g4	EGFP	1237.9	950.53	1237.9	950.53	-0.38073	41288	4.8711e+08	1.8402	0.03287	0.96713	0.06574	0.094594	False
CTRL0005_g5	CTRL	1388.5	1136.2	1388.5	1136.2	-0.28913	31839	6.7256e+08	1.8316	0.033506	0.96649	0.067011	0.094594	False
CCR5_g3	CCR5	1106.1	832.47	1106.1	832.47	-0.40955	37430	3.5503e+08	1.8297	0.03365	0.96635	0.0673	0.094594	False
CCR5_g8	CCR5	1596.7	1387.5	1596.7	1387.5	-0.2025	21887	9.9568e+08	1.8289	0.033706	0.96629	0.067411	0.094594	False
CCR5_g5	CCR5	1211.1	953.56	1211.1	953.56	-0.34464	33172	4.581e+08	1.8251	0.03399	0.96601	0.067979	0.094594	False
CTRL0009_g9	CTRL	1385.6	1152.3	1385.6	1152.3	-0.2657	27197	6.6852e+08	1.8239	0.034083	0.96592	0.068166	0.094594	False
CTRL0001_g1	CTRL	1384.6	1169.5	1384.6	1169.5	-0.24337	23130	6.6718e+08	1.8168	0.034625	0.96537	0.069251	0.094594	False
LRIG1_g2	LRIG1	1084.3	844.58	1084.3	844.58	-0.36004	28726	3.3572e+08	1.8107	0.035095	0.9649	0.07019	0.094594	False
AAVS1_g9	AAVS1	704.68	471.23	704.68	471.23	-0.57952	27249	1.0006e+08	1.8049	0.035546	0.96445	0.071092	0.094594	False
ROSA26_g8	ROSA26	1341	1159.4	1341	1159.4	-0.20972	16483	6.0981e+08	1.8006	0.035885	0.96411	0.071771	0.094594	False
CTRL0002_g2	CTRL	1257.7	1063.5	1257.7	1063.5	-0.24171	18851	5.0934e+08	1.7994	0.035979	0.96402	0.071957	0.094594	False
PROM1_g1	PROM1	1398.5	1236.1	1398.5	1236.1	-0.17791	13180	6.8613e+08	1.7979	0.036095	0.96391	0.07219	0.094594	False
AAVS1_g4	AAVS1	851.36	634.7	851.36	634.7	-0.42313	23472	1.702e+08	1.7883	0.036863	0.96314	0.073727	0.09497	False
EGFP_g3	EGFP	1296.4	1166.5	1296.4	1166.5	-0.1522	8436.9	5.5454e+08	1.7763	0.037839	0.96216	0.075679	0.09582	False
CTRL0004_g4	CTRL	762.16	568.1	762.16	568.1	-0.42331	18830	1.2472e+08	1.7689	0.038454	0.96155	0.076908	0.09582	False
ROSA26_g9	ROSA26	638.27	500.49	638.27	500.49	-0.35021	9491.8	7.5773e+07	1.7137	0.043293	0.95671	0.086586	0.10614	False
AAVS1_g10	AAVS1	837.48	774.95	837.48	774.95	-0.11181	1955	1.6252e+08	1.6844	0.046053	0.95395	0.092105	0.11111	False
AAVS1_g6	AAVS1	581.78	513.61	581.78	513.61	-0.17947	2323.6	5.8406e+07	1.64	0.050499	0.9495	0.101	0.11994	False
mKate2_g1	mKate2	819.64	3545.8	819.64	3545.8	2.1117	3.716e+06	1.5298e+08	0.22041	0.21588	0.78412	0.43176	0.43176	True
mKate2_g3	mKate2	893.98	3755.7	893.98	3755.7	2.0695	4.0947e+06	1.9523e+08	0.20481	0.20294	0.79706	0.40589	0.4113	True
mKate2_g5	mKate2	790.9	2932.3	790.9	2932.3	1.8891	2.2928e+06	1.3839e+08	0.18204	0.18797	0.81203	0.37594	0.38611	True
mKate2_g2	mKate2	1070.4	4233	1070.4	4233	1.9825	5.001e+06	3.2379e+08	0.17576	0.17848	0.82152	0.35697	0.37164	True
mKate2_g6	mKate2	1368.7	5607.3	1368.7	5607.3	2.0337	8.9829e+06	6.4593e+08	0.16677	0.16818	0.83182	0.33636	0.36004	True
KRT20_g4	KRT20	665.03	2135.2	665.03	2135.2	1.6814	1.0806e+06	8.504e+07	0.15942	0.17414	0.82586	0.34828	0.36763	True
KRT20_g2	KRT20	1378.6	5299.6	1378.6	5299.6	1.9419	7.6868e+06	6.5916e+08	0.15272	0.15746	0.84254	0.31492	0.34192	True
KRT20_g1	KRT20	1146.7	3761.8	1146.7	3761.8	1.713	3.4192e+06	3.929e+08	0.13193	0.14443	0.85557	0.28886	0.31816	True
KRT20_g6	KRT20	970.29	2947.4	970.29	2947.4	1.602	1.9546e+06	2.4574e+08	0.12613	0.14268	0.85732	0.28536	0.31816	True
KRT20_g5	KRT20	1983.2	7019	1983.2	7019	1.8229	1.268e+07	1.8306e+09	0.1177	0.126	0.874	0.25201	0.29019	True
KRT20_g3	KRT20	1404.4	4498.4	1404.4	4498.4	1.6787	4.7863e+06	6.9436e+08	0.11742	0.13043	0.86957	0.26086	0.2959	True
mKate2_g4	mKate2	1027.8	2211.8	1027.8	2211.8	1.105	7.0101e+05	2.8887e+08	0.069667	0.098988	0.90101	0.19798	0.23148	True
