sgrna	Gene	control_count	treatment_count	control_mean	treat_mean	LFC	control_var	adj_var	score	p.low	p.high	p.twosided	FDR	high_in_treatment
SOX9_g3	SOX9	746.03	361.85	746.03	361.85	-1.0418	73796	2.1402e+06	1.1193	0.1315	0.8685	0.26299	0.70374	False
SOX9_g1	SOX9	1084.3	593.81	1084.3	593.81	-0.86765	1.2031e+05	4.8786e+06	1.0544	0.14585	0.85415	0.29171	0.70374	False
SOX9_g5	SOX9	972.66	581.75	972.66	581.75	-0.74054	76405	3.8396e+06	0.99032	0.16101	0.83899	0.32202	0.70374	False
SOX9_g2	SOX9	787.24	475.98	787.24	475.98	-0.72471	48441	2.4094e+06	0.97406	0.16501	0.83499	0.33003	0.70374	False
ROSA26_g7	ROSA26	1724.1	1112.5	1724.1	1112.5	-0.63163	1.8705e+05	1.3553e+07	0.96229	0.16795	0.83205	0.33591	0.70374	False
SOX9_g4	SOX9	608.32	369.28	608.32	369.28	-0.7186	28571	1.3653e+06	0.96064	0.16837	0.83163	0.33673	0.70374	False
CCR5_g6	CCR5	1225.3	863.81	1225.3	863.81	-0.50387	65342	6.3862e+06	0.88394	0.18837	0.81163	0.37673	0.70374	False
AAVS1_g3	AAVS1	1165.7	836.9	1165.7	836.9	-0.47755	54045	5.7213e+06	0.86829	0.19262	0.80738	0.38524	0.70374	False
SOX9_g6	SOX9	1893.3	1500.3	1893.3	1500.3	-0.33543	77213	1.6657e+07	0.81788	0.20671	0.79329	0.41342	0.70374	False
CCR5_g10	CCR5	1282.8	992.78	1282.8	992.78	-0.36941	42052	7.0649e+06	0.8168	0.20702	0.79298	0.41404	0.70374	False
ROSA26_g6	ROSA26	2008.2	1612.6	2008.2	1612.6	-0.31638	78267	1.8967e+07	0.81081	0.20874	0.79126	0.41747	0.70374	False
AAVS1_g5	AAVS1	1151.6	912.06	1151.6	912.06	-0.33609	28685	5.57e+06	0.794	0.2136	0.7864	0.42719	0.70374	False
AAVS1_g8	AAVS1	1779.4	1455.8	1779.4	1455.8	-0.28945	52375	1.453e+07	0.7906	0.21459	0.78541	0.42918	0.70374	False
CCR5_g2	CCR5	1600.5	1301.7	1600.5	1301.7	-0.29787	44626	1.1504e+07	0.78981	0.21482	0.78518	0.42964	0.70374	False
CTRL0004_g4	CTRL	674.46	522.37	674.46	522.37	-0.36805	11567	1.7138e+06	0.78558	0.21606	0.78394	0.43211	0.70374	False
LRIG1_g3	LRIG1	932.54	741.33	932.54	741.33	-0.33064	18279	3.4993e+06	0.78089	0.21743	0.78257	0.43487	0.70374	False
LRIG1_g6	LRIG1	947.72	754.32	947.72	754.32	-0.32888	18701	3.626e+06	0.78073	0.21748	0.78252	0.43496	0.70374	False
AAVS1_g9	AAVS1	561.69	433.3	561.69	433.3	-0.37367	8242.7	1.1453e+06	0.78006	0.21768	0.78232	0.43536	0.70374	False
CTRL0006_g6	CTRL	2288	1932.7	2288	1932.7	-0.24336	63121	2.5282e+07	0.77876	0.21806	0.78194	0.43612	0.70374	False
PROM1_g3	PROM1	1368.4	1122.7	1368.4	1122.7	-0.28537	30202	8.1463e+06	0.77536	0.21906	0.78094	0.43813	0.70374	False
PROM1_g6	PROM1	3010.1	2639.7	3010.1	2639.7	-0.18941	68625	4.6273e+07	0.76408	0.22241	0.77759	0.44482	0.70374	False
ROSA26_g4	ROSA26	1594	1345.4	1594	1345.4	-0.24449	30910	1.1401e+07	0.761	0.22333	0.77667	0.44666	0.70374	False
LRIG1_g2	LRIG1	945.55	776.59	945.55	776.59	-0.28366	14273	3.6077e+06	0.75616	0.22478	0.77522	0.44955	0.70374	False
AAVS1_g7	AAVS1	902.18	740.41	902.18	740.41	-0.28474	13085	3.2532e+06	0.75443	0.22529	0.77471	0.45059	0.70374	False
LRIG1_g5	LRIG1	2441.9	2173	2441.9	2173	-0.16829	36173	2.9184e+07	0.74171	0.22913	0.77087	0.45826	0.70374	False
PROM1_g4	PROM1	2132.9	1895.6	2132.9	1895.6	-0.17012	28169	2.166e+07	0.7356	0.23099	0.76901	0.46197	0.70374	False
CTRL0005_g5	CTRL	1211.2	1044.7	1211.2	1044.7	-0.21313	13858	6.2254e+06	0.72992	0.23272	0.76728	0.46544	0.70374	False
AAVS1_g1	AAVS1	1520.3	1337.9	1520.3	1337.9	-0.18418	16621	1.0271e+07	0.72566	0.23402	0.76598	0.46805	0.70374	False
CCR5_g9	CCR5	713.5	599.38	713.5	599.38	-0.25106	6512	1.94e+06	0.7243	0.23444	0.76556	0.46888	0.70374	False
CTRL0003_g3	CTRL	3471	3237.2	3471	3237.2	-0.10057	27331	6.3336e+07	0.72352	0.23468	0.76532	0.46936	0.70374	False
LRIG1_g1	LRIG1	1486.6	1312.9	1486.6	1312.9	-0.17919	15097	9.7777e+06	0.72175	0.23523	0.76477	0.47045	0.70374	False
ROSA26_g1	ROSA26	3949.2	3730.8	3949.2	3730.8	-0.082051	23847	8.4172e+07	0.72039	0.23564	0.76436	0.47128	0.70374	False
ROSA26_g3	ROSA26	1935.6	1787.9	1935.6	1787.9	-0.1144	10898	1.7488e+07	0.69969	0.24206	0.75794	0.48412	0.70374	False
LRIG1_g4	LRIG1	1751.2	1609.8	1751.2	1609.8	-0.12142	10002	1.4027e+07	0.69826	0.24251	0.75749	0.48502	0.70374	False
ROSA26_g5	ROSA26	1214.5	1103.2	1214.5	1103.2	-0.13853	6191.6	6.2623e+06	0.68845	0.24558	0.75442	0.49117	0.70374	False
CTRL0008_g8	CTRL	1200.4	1097.6	1200.4	1097.6	-0.12899	5278.8	6.1033e+06	0.68245	0.24748	0.75252	0.49496	0.70374	False
AAVS1_g4	AAVS1	659.28	583.6	659.28	583.6	-0.17562	2863.6	1.63e+06	0.67778	0.24896	0.75104	0.49791	0.70374	False
CCR5_g3	CCR5	846.87	765.46	846.87	765.46	-0.14564	3314.3	2.8299e+06	0.67359	0.25029	0.74971	0.50057	0.70374	False
CCR5_g4	CCR5	658.2	587.32	658.2	587.32	-0.16412	2512.2	1.6241e+06	0.6711	0.25108	0.74892	0.50215	0.70374	False
CCR5_g5	CCR5	948.8	876.8	948.8	876.8	-0.11374	2592.4	3.6351e+06	0.66129	0.25421	0.74579	0.50843	0.70374	False
CTRL0010_g10	CTRL	1938.8	1886.3	1938.8	1886.3	-0.039612	1380	1.7553e+07	0.65755	0.25541	0.74459	0.51083	0.70374	False
PROM1_g5	PROM1	1240.5	1174.6	1240.5	1174.6	-0.07864	2168.9	6.5618e+06	0.65548	0.25608	0.74392	0.51216	0.70374	False
CCR5_g1	CCR5	855.55	792.37	855.55	792.37	-0.11055	1996.1	2.8942e+06	0.65396	0.25657	0.74343	0.51314	0.70374	False
CTRL0002_g2	CTRL	1038.8	977.93	1038.8	977.93	-0.087032	1852.7	4.4385e+06	0.65074	0.25761	0.74239	0.51521	0.70374	False
ROSA26_g2	ROSA26	1556	1515.1	1556	1515.1	-0.038397	836.13	1.0812e+07	0.6447	0.25956	0.74044	0.51912	0.70374	False
PROM1_g2	PROM1	1810.9	1785.1	1810.9	1785.1	-0.020624	330.67	1.5102e+07	0.64286	0.26016	0.73984	0.52031	0.70374	False
AAVS1_g2	AAVS1	1253.5	1206.2	1253.5	1206.2	-0.05548	1119.9	6.7145e+06	0.64269	0.26021	0.73979	0.52042	0.70374	False
PROM1_g1	PROM1	1181.9	1136.6	1181.9	1136.6	-0.056393	1028.2	5.8987e+06	0.64001	0.26108	0.73892	0.52217	0.70374	False
AAVS1_g6	AAVS1	515.06	472.26	515.06	472.26	-0.1249	915.91	9.4625e+05	0.63563	0.26251	0.73749	0.52502	0.70374	False
CTRL0001_g1	CTRL	1110.4	1075.4	1110.4	1075.4	-0.046189	613.11	5.1403e+06	0.63065	0.26413	0.73587	0.52827	0.70374	False
ROSA26_g8	ROSA26	1098.4	1066.1	1098.4	1066.1	-0.043111	523.84	5.0194e+06	0.62826	0.26492	0.73508	0.52983	0.70374	False
CTRL0009_g9	CTRL	1090.9	1059.6	1090.9	1059.6	-0.041924	488.98	4.9433e+06	0.62719	0.26527	0.73473	0.53054	0.70374	False
ROSA26_g9	ROSA26	474.94	460.2	474.94	460.2	-0.045389	108.65	7.9145e+05	0.58388	0.27965	0.72035	0.5593	0.70374	False
EGFP_g3	EGFP	782.9	1072.6	782.9	1072.6	0.45368	41955	2.3802e+06	0.18776	0.38691	0.61309	0.77382	0.77382	True
mKate2_g1	mKate2	2315.1	3260.4	2315.1	3260.4	0.4938	4.4681e+05	2.5947e+07	0.18558	0.36856	0.63144	0.73712	0.74695	True
KRT20_g5	KRT20	4748.4	6454	4748.4	6454	0.44268	1.4546e+06	1.2634e+08	0.15175	0.33747	0.66253	0.67493	0.70374	True
KRT20_g4	KRT20	1500.7	1963.3	1500.7	1963.3	0.38737	1.0698e+05	9.9831e+06	0.14639	0.35276	0.64724	0.70552	0.72459	True
mKate2_g3	mKate2	2645.8	3453.4	2645.8	3453.4	0.38417	3.2609e+05	3.4823e+07	0.13685	0.33798	0.66202	0.67596	0.70374	True
mKate2_g2	mKate2	2977.6	3892.2	2977.6	3892.2	0.38633	4.1827e+05	4.5179e+07	0.13607	0.33561	0.66439	0.67123	0.70374	True
mKate2_g4	mKate2	1634.1	2033.8	1634.1	2033.8	0.3155	79876	1.2043e+07	0.11517	0.33324	0.66676	0.66648	0.70374	True
KRT20_g3	KRT20	3289.9	4136.3	3289.9	4136.3	0.33019	3.5816e+05	5.6283e+07	0.11281	0.32025	0.67975	0.64051	0.70374	True
KRT20_g2	KRT20	3890.6	4873	3890.6	4873	0.32472	4.8248e+05	8.1447e+07	0.10885	0.31515	0.68485	0.6303	0.70374	True
mKate2_g6	mKate2	4127	5155.9	4127	5155.9	0.32107	5.2934e+05	9.2751e+07	0.10684	0.31299	0.68701	0.62597	0.70374	True
KRT20_g1	KRT20	2908.2	3458.9	2908.2	3458.9	0.25012	1.5165e+05	4.2891e+07	0.084092	0.3053	0.6947	0.6106	0.70374	True
mKate2_g5	mKate2	2297.7	2696.3	2297.7	2696.3	0.23066	79417	2.552e+07	0.078891	0.30623	0.69377	0.61247	0.70374	True
AAVS1_g10	AAVS1	623.5	712.57	623.5	712.57	0.19236	3967	1.4414e+06	0.07419	0.32626	0.67374	0.65251	0.70374	True
CCR5_g8	CCR5	1166.8	1275.8	1166.8	1275.8	0.12875	5941.3	5.7331e+06	0.045526	0.2986	0.7014	0.5972	0.70374	True
ROSA26_g10	ROSA26	1395.6	1523.5	1395.6	1523.5	0.12646	8184.4	8.5061e+06	0.043867	0.29443	0.70557	0.58886	0.70374	True
KRT20_g6	KRT20	2490.7	2710.2	2490.7	2710.2	0.12177	24078	3.0484e+07	0.039745	0.28173	0.71827	0.56346	0.70374	True
EGFP_g6	EGFP	1661.2	1780.5	1661.2	1780.5	0.099985	7114.4	1.2488e+07	0.033755	0.2854	0.7146	0.57081	0.70374	True
CCR5_g7	CCR5	1856.4	1939.2	1856.4	1939.2	0.062891	3424.6	1.5951e+07	0.020722	0.27576	0.72424	0.55152	0.70374	True
EGFP_g2	EGFP	1661.2	1721.1	1661.2	1721.1	0.051077	1794.2	1.2488e+07	0.016951	0.27556	0.72444	0.55112	0.70374	True
EGFP_g1	EGFP	1401	1436.3	1401	1436.3	0.035878	623.15	8.5791e+06	0.012053	0.27581	0.72419	0.55162	0.70374	True
CTRL0007_g7	CTRL	1217.7	1239.6	1217.7	1239.6	0.025646	238.88	6.2994e+06	0.0087088	0.27644	0.72356	0.55288	0.70374	True
EGFP_g5	EGFP	1558.2	1584.7	1558.2	1584.7	0.024337	351.79	1.0845e+07	0.0080546	0.27152	0.72848	0.54304	0.70374	True
EGFP_g4	EGFP	866.39	874.01	866.39	874.01	0.012621	29.045	2.9756e+06	0.0044183	0.28027	0.71973	0.56054	0.70374	True
