sgrna	Gene	control_count	treatment_count	control_mean	treat_mean	LFC	control_var	adj_var	score	p.low	p.high	p.twosided	FDR	high_in_treatment
SOX9_g3	SOX9	755.68	458.34	755.68	458.34	-0.72012	44206	4.8375e+06	1.1401	0.12712	0.87288	0.25425	0.65941	False
AAVS1_g6	AAVS1	414.62	335.37	414.62	335.37	-0.30521	3140.2	2.6542e+06	1.1032	0.13498	0.86502	0.26996	0.65941	False
ROSA26_g9	ROSA26	444.05	359.33	444.05	359.33	-0.30465	3588.7	2.8426e+06	1.0856	0.13882	0.86118	0.27765	0.65941	False
CCR5_g9	CCR5	691.48	511.05	691.48	511.05	-0.43551	16279	4.4265e+06	1.0344	0.15048	0.84952	0.30096	0.65941	False
LRIG1_g6	LRIG1	738.3	535.8	738.3	535.8	-0.46177	20503	4.7262e+06	1.0305	0.15139	0.84861	0.30278	0.65941	False
CTRL0004_g4	CTRL	464.11	413.63	464.11	413.63	-0.16576	1274.3	2.971e+06	1.0118	0.15583	0.84417	0.31165	0.65941	False
CCR5_g4	CCR5	608.56	488.69	608.56	488.69	-0.31591	7184.7	3.8957e+06	1.0112	0.15597	0.84403	0.31194	0.65941	False
AAVS1_g9	AAVS1	395.9	378.49	395.9	378.49	-0.064695	151.47	2.5343e+06	1.0074	0.15687	0.84313	0.31373	0.65941	False
CCR5_g3	CCR5	818.55	598.08	818.55	598.08	-0.45207	24302	5.2399e+06	1.0011	0.15838	0.84162	0.31676	0.65941	False
AAVS1_g4	AAVS1	600.54	511.05	600.54	511.05	-0.23238	4004.1	3.8443e+06	0.97571	0.1646	0.8354	0.32921	0.65941	False
EGFP_g2	EGFP	444.05	2068.9	444.05	2068.9	2.2176	1.3201e+06	2.8426e+06	0.96376	0.72248	0.27752	0.55503	0.68036	True
EGFP_g5	EGFP	357.11	1798.2	357.11	1798.2	2.3289	1.0384e+06	2.286e+06	0.95315	0.71306	0.28694	0.57388	0.69229	True
AAVS1_g7	AAVS1	783.77	658.77	783.77	658.77	-0.25031	7812.7	5.0173e+06	0.91584	0.17988	0.82012	0.35975	0.65941	False
CCR5_g1	CCR5	771.73	658.77	771.73	658.77	-0.22801	6380.5	4.9402e+06	0.90894	0.18169	0.81831	0.36338	0.65941	False
AAVS1_g3	AAVS1	985.73	790.52	985.73	790.52	-0.31803	19053	6.3102e+06	0.89123	0.1864	0.8136	0.37281	0.65941	False
SOX9_g4	SOX9	826.57	705.88	826.57	705.88	-0.22741	7283	5.2913e+06	0.89096	0.18648	0.81352	0.37295	0.65941	False
PROM1_g5	PROM1	1108.8	857.6	1108.8	857.6	-0.37022	31547	7.0979e+06	0.88828	0.1872	0.8128	0.37439	0.65941	False
CTRL0001_g1	CTRL	972.36	803.3	972.36	803.3	-0.27524	14290	6.2245e+06	0.87331	0.19125	0.80875	0.38249	0.65941	False
LRIG1_g2	LRIG1	695.5	653.18	695.5	653.18	-0.090428	895.35	4.4522e+06	0.86848	0.19257	0.80743	0.38513	0.65941	False
SOX9_g2	SOX9	1336.2	1001.3	1336.2	1001.3	-0.41581	56054	8.5534e+06	0.86661	0.19308	0.80692	0.38615	0.65941	False
AAVS1_g5	AAVS1	1021.8	841.63	1021.8	841.63	-0.27962	16239	6.5413e+06	0.86301	0.19407	0.80593	0.38813	0.65941	False
CCR5_g5	CCR5	822.56	732.23	822.56	732.23	-0.1676	4079.4	5.2656e+06	0.86245	0.19422	0.80578	0.38844	0.65941	False
CCR5_g2	CCR5	1392.3	1041.3	1392.3	1041.3	-0.41883	61627	8.913e+06	0.85849	0.19531	0.80469	0.39062	0.65941	False
mKate2_g4	mKate2	1079.4	882.35	1079.4	882.35	-0.29045	19406	6.9095e+06	0.85476	0.19634	0.80366	0.39269	0.65941	False
CCR5_g10	CCR5	1040.6	862.39	1040.6	862.39	-0.27068	15874	6.6612e+06	0.85391	0.19658	0.80342	0.39315	0.65941	False
SOX9_g1	SOX9	1849.8	1277.6	1849.8	1277.6	-0.53353	1.6367e+05	1.1841e+07	0.85376	0.19662	0.80338	0.39324	0.65941	False
LRIG1_g1	LRIG1	1305.4	1006.9	1305.4	1006.9	-0.37421	44544	8.3565e+06	0.85092	0.19741	0.80259	0.39481	0.65941	False
LRIG1_g3	LRIG1	799.82	733.03	799.82	733.03	-0.12564	2230.5	5.12e+06	0.84874	0.19801	0.80199	0.39603	0.65941	False
PROM1_g3	PROM1	1067.3	884.75	1067.3	884.75	-0.27038	16666	6.8324e+06	0.84736	0.1984	0.8016	0.39679	0.65941	False
PROM1_g1	PROM1	1126.2	920.68	1126.2	920.68	-0.29037	21113	7.2092e+06	0.84412	0.1993	0.8007	0.3986	0.65941	False
CCR5_g6	CCR5	914.85	809.69	914.85	809.69	-0.17596	5529.1	5.8564e+06	0.83882	0.20079	0.79921	0.40157	0.65941	False
EGFP_g1	EGFP	374.5	1653.7	374.5	1653.7	2.1397	8.1819e+05	2.3973e+06	0.82619	0.65688	0.34312	0.68624	0.76698	True
SOX9_g5	SOX9	2095.9	1450.9	2095.9	1450.9	-0.53029	2.0799e+05	1.3417e+07	0.82559	0.20452	0.79548	0.40904	0.65941	False
ROSA26_g8	ROSA26	877.4	806.49	877.4	806.49	-0.12142	2513.5	5.6166e+06	0.82195	0.20555	0.79445	0.41111	0.65941	False
CTRL0009_g9	CTRL	964.33	859.99	964.33	859.99	-0.16502	5443.3	6.1732e+06	0.81943	0.20627	0.79373	0.41254	0.65941	False
ROSA26_g10	ROSA26	1170.3	986.16	1170.3	986.16	-0.24677	16955	7.4917e+06	0.81196	0.20841	0.79159	0.41681	0.65941	False
CTRL0002_g2	CTRL	791.8	773.76	791.8	773.76	-0.03321	162.74	5.0687e+06	0.80424	0.21063	0.78937	0.42126	0.65941	False
CCR5_g8	CCR5	1023.2	917.49	1023.2	917.49	-0.15714	5585.8	6.5499e+06	0.79981	0.21191	0.78809	0.42382	0.65941	False
ROSA26_g5	ROSA26	971.02	889.54	971.02	889.54	-0.12631	3319.6	6.216e+06	0.79752	0.21257	0.78743	0.42515	0.65941	False
AAVS1_g2	AAVS1	1189	1018.9	1189	1018.9	-0.22258	14473	7.6116e+06	0.79527	0.21323	0.78677	0.42646	0.65941	False
CTRL0008_g8	CTRL	1082	963.8	1082	963.8	-0.16677	6989.4	6.9266e+06	0.79023	0.2147	0.7853	0.4294	0.65941	False
CTRL0005_g5	CTRL	973.7	900.72	973.7	900.72	-0.11228	2662.9	6.2331e+06	0.78945	0.21493	0.78507	0.42985	0.65941	False
ROSA26_g6	ROSA26	1566.2	1247.3	1566.2	1247.3	-0.32826	50860	1.0026e+07	0.78326	0.21674	0.78326	0.43347	0.65941	False
CTRL0007_g7	CTRL	1120.8	1002.9	1120.8	1002.9	-0.16019	6949.3	7.1749e+06	0.77755	0.21842	0.78158	0.43683	0.65941	False
ROSA26_g7	ROSA26	1376.3	1151.5	1376.3	1151.5	-0.25712	25275	8.8103e+06	0.77675	0.21865	0.78135	0.43731	0.65941	False
mKate2_g5	mKate2	1273.3	1123.5	1273.3	1123.5	-0.18041	11219	8.151e+06	0.75526	0.22505	0.77495	0.45009	0.65941	False
AAVS1_g1	AAVS1	1328.1	1161.8	1328.1	1161.8	-0.19284	13828	8.502e+06	0.75115	0.22628	0.77372	0.45256	0.65941	False
AAVS1_g8	AAVS1	1839.1	1474.8	1839.1	1474.8	-0.31821	66324	1.1773e+07	0.73966	0.22975	0.77025	0.45951	0.65941	False
EGFP_g3	EGFP	250.11	1184.2	250.11	1184.2	2.2387	4.3625e+05	1.6011e+06	0.7382	0.60198	0.39802	0.79605	0.86779	True
ROSA26_g2	ROSA26	1439.1	1255.3	1439.1	1255.3	-0.19708	16907	9.2127e+06	0.73298	0.23178	0.76822	0.46357	0.65941	False
LRIG1_g4	LRIG1	1234.5	1140.3	1234.5	1140.3	-0.11446	4440.2	7.9027e+06	0.72751	0.23346	0.76654	0.46691	0.65941	False
SOX9_g6	SOX9	2220.2	1729.6	2220.2	1729.6	-0.36012	1.2038e+05	1.4213e+07	0.71984	0.23581	0.76419	0.47163	0.65941	False
mKate2_g1	mKate2	1374.9	1240.9	1374.9	1240.9	-0.14789	8986.2	8.8017e+06	0.71762	0.2365	0.7635	0.47299	0.65941	False
mKate2_g3	mKate2	1634.4	1408.6	1634.4	1408.6	-0.2144	25504	1.0463e+07	0.71052	0.23869	0.76131	0.47738	0.65941	False
LRIG1_g5	LRIG1	2157.4	1724.8	2157.4	1724.8	-0.3227	93571	1.381e+07	0.70508	0.24038	0.75962	0.48076	0.65941	False
ROSA26_g4	ROSA26	1134.2	1111.5	1134.2	1111.5	-0.029103	256.97	7.2605e+06	0.70342	0.2409	0.7591	0.4818	0.65941	False
EGFP_g4	EGFP	201.96	1001.3	201.96	1001.3	2.3041	3.195e+05	1.2929e+06	0.70303	0.57752	0.42248	0.84496	0.86779	True
PROM1_g4	PROM1	1804.3	1558.7	1804.3	1558.7	-0.21096	30157	1.155e+07	0.68399	0.24699	0.75301	0.49398	0.65941	False
PROM1_g2	PROM1	1579.6	1433.3	1579.6	1433.3	-0.14008	10696	1.0112e+07	0.67726	0.24912	0.75088	0.49824	0.65941	False
CCR5_g7	CCR5	1613	1461.3	1613	1461.3	-0.14245	11513	1.0326e+07	0.6732	0.25041	0.74959	0.50082	0.65941	False
ROSA26_g3	ROSA26	1633.1	1474.8	1633.1	1474.8	-0.14694	12519	1.0454e+07	0.67258	0.25061	0.74939	0.50122	0.65941	False
EGFP_g6	EGFP	612.57	1935.6	612.57	1935.6	1.6582	8.7518e+05	3.9214e+06	0.66811	0.59446	0.40554	0.81109	0.86779	True
CTRL0006_g6	CTRL	1936.7	1679.3	1936.7	1679.3	-0.20565	33134	1.2398e+07	0.66344	0.25352	0.74648	0.50705	0.65941	False
CTRL0010_g10	CTRL	1538.1	1444.5	1538.1	1444.5	-0.090533	4381.9	9.8462e+06	0.65587	0.25595	0.74405	0.51191	0.65941	False
KRT20_g2	KRT20	345.07	1296	345.07	1296	1.906	4.5211e+05	2.209e+06	0.6398	0.55871	0.44129	0.88257	0.88257	True
KRT20_g5	KRT20	613.91	1879.7	613.91	1879.7	1.6128	8.011e+05	3.9299e+06	0.63851	0.57919	0.42081	0.84161	0.86779	True
mKate2_g2	mKate2	1643.8	1585	1643.8	1585	-0.052465	1725.2	1.0523e+07	0.61599	0.26895	0.73105	0.5379	0.68036	False
PROM1_g6	PROM1	2554.6	2211.1	2554.6	2211.1	-0.20827	59011	1.6353e+07	0.59815	0.27487	0.72513	0.54974	0.68036	False
mKate2_g6	mKate2	2198.8	2108.1	2198.8	2108.1	-0.060796	4120.2	1.4076e+07	0.544	0.29322	0.70678	0.58644	0.6964	False
ROSA26_g1	ROSA26	3480.2	3008.8	3480.2	3008.8	-0.20991	1.111e+05	2.2278e+07	0.52851	0.29857	0.70143	0.59714	0.6982	False
CTRL0003_g3	CTRL	2782	2683	2782	2683	-0.052255	4900.2	1.7809e+07	0.47775	0.31641	0.68359	0.63283	0.72871	False
KRT20_g3	KRT20	326.35	958.21	326.35	958.21	1.551	1.9963e+05	2.0891e+06	0.43716	0.43834	0.56166	0.87667	0.88257	True
KRT20_g6	KRT20	282.21	844.02	282.21	844.02	1.5771	1.5782e+05	1.8066e+06	0.41799	0.42043	0.57957	0.84086	0.86779	True
KRT20_g1	KRT20	375.84	964.6	375.84	964.6	1.3575	1.7332e+05	2.4059e+06	0.37958	0.40891	0.59109	0.81782	0.86779	True
KRT20_g4	KRT20	184.57	511.84	184.57	511.84	1.4665	53553	1.1815e+06	0.30108	0.32734	0.67266	0.65469	0.74263	True
AAVS1_g10	AAVS1	514.94	520.63	514.94	520.63	0.015831	16.203	3.2964e+06	0.0031354	0.18458	0.81542	0.36917	0.65941	True
