sgrna	Gene	control_count	treatment_count	control_mean	treat_mean	LFC	control_var	adj_var	score	p.low	p.high	p.twosided	FDR	high_in_treatment
mKate2_g6	mKate2	958.51	2053.1	958.51	2053.1	1.0981	5.9909e+05	11563	10.179	1	1.2256e-24	2.4512e-24	1.8629e-22	True
mKate2_g1	mKate2	533.42	1264.6	533.42	1264.6	1.2438	2.6732e+05	5378.7	9.97	1	1.0315e-23	2.063e-23	7.8395e-22	True
mKate2_g2	mKate2	750.08	1596.7	750.08	1596.7	1.089	3.5838e+05	8391.4	9.2421	1	1.2088e-20	2.4176e-20	6.1245e-19	True
mKate2_g3	mKate2	700.72	1414.9	700.72	1414.9	1.0128	2.5504e+05	7677.5	8.151	1	1.8046e-16	3.6091e-16	6.8573e-15	True
mKate2_g5	mKate2	575.93	1075.7	575.93	1075.7	0.90021	1.2491e+05	5944	6.4829	1	4.4988e-11	8.9976e-11	1.3676e-09	True
mKate2_g4	mKate2	629.41	1015.9	629.41	1015.9	0.68987	74702	6673.9	4.7314	1	1.1148e-06	2.2296e-06	2.8241e-05	True
SOX9_g5	SOX9	1017.5	1424.4	1017.5	1424.4	0.48491	82777	12503	3.6388	0.99986	0.00013693	0.00027387	0.0029734	True
EGFP_g3	EGFP	878.98	1181.2	878.98	1181.2	0.42593	45667	10324	2.9743	0.99853	0.0014682	0.0029365	0.027896	True
ROSA26_g1	ROSA26	3474.8	2767.7	3474.8	2767.7	-0.32815	2.5001e+05	62775	2.8223	0.0023843	0.99762	0.0047687	0.035696	False
KRT20_g2	KRT20	965.37	1270.1	965.37	1270.1	0.39545	46437	11672	2.8209	0.99761	0.0023948	0.0047896	0.035696	True
SOX9_g4	SOX9	464.86	652.37	464.86	652.37	0.48802	17581	4496.3	2.7965	0.99742	0.0025833	0.0051666	0.035696	True
ROSA26_g2	ROSA26	1509.8	1160.7	1509.8	1160.7	-0.37899	60909	20973	2.4101	0.0079747	0.99203	0.015949	0.10101	False
CTRL0004_g4	CTRL	512.85	343.11	512.85	343.11	-0.5785	14407	5110	2.3746	0.0087839	0.99122	0.017568	0.1027	False
AAVS1_g5	AAVS1	981.82	730.28	981.82	730.28	-0.42651	31637	11933	2.3028	0.010646	0.98935	0.021293	0.11559	False
SOX9_g1	SOX9	1014.7	1240.2	1014.7	1240.2	0.28923	25421	12459	2.0201	0.97831	0.021687	0.043373	0.21976	True
CTRL0002_g2	CTRL	824.13	630.34	824.13	630.34	-0.38621	18777	9490.1	1.9893	0.023335	0.97667	0.046669	0.22168	False
KRT20_g1	KRT20	789.85	961.64	789.85	961.64	0.2836	14756	8977.4	1.8131	0.96509	0.034906	0.069813	0.24979	True
KRT20_g6	KRT20	673.29	827.07	673.29	827.07	0.29639	11825	7287.5	1.8014	0.96418	0.035817	0.071635	0.24979	True
EGFP_g1	EGFP	1280.8	1508.6	1280.8	1508.6	0.236	25947	16902	1.7522	0.96013	0.039869	0.079738	0.24979	True
CTRL0008_g8	CTRL	1073.7	871.14	1073.7	871.14	-0.3013	20515	13415	1.7488	0.04016	0.95984	0.080319	0.24979	False
AAVS1_g1	AAVS1	1290.4	1062.4	1290.4	1062.4	-0.28025	25990	17069	1.7451	0.040485	0.95952	0.080969	0.24979	False
AAVS1_g9	AAVS1	360.64	262.05	360.64	262.05	-0.45922	4860.1	3232.2	1.7342	0.041444	0.95856	0.082888	0.24979	False
KRT20_g4	KRT20	411.38	518.59	411.38	518.59	0.33341	5747.4	3835.2	1.7312	0.95829	0.041705	0.08341	0.24979	True
CTRL0009_g9	CTRL	954.4	772.77	954.4	772.77	-0.30419	16494	11498	1.6938	0.045153	0.95485	0.090306	0.24979	False
ROSA26_g3	ROSA26	1612.6	1356.7	1612.6	1356.7	-0.24914	32748	22868	1.6924	0.045287	0.95471	0.090573	0.24979	False
EGFP_g4	EGFP	799.45	960.85	799.45	960.85	0.26501	13026	9120.3	1.6901	0.9545	0.045503	0.091006	0.24979	True
PROM1_g2	PROM1	1496	1254.4	1496	1254.4	-0.254	29201	20723	1.6788	0.046599	0.9534	0.093198	0.24979	False
EGFP_g6	EGFP	1640	1895.7	1640	1895.7	0.20892	32693	23379	1.6723	0.95277	0.047229	0.094458	0.24979	True
LRIG1_g3	LRIG1	745.97	594.14	745.97	594.14	-0.32782	11526	8331.4	1.6634	0.048117	0.95188	0.096235	0.24979	False
LRIG1_g4	LRIG1	1316.4	1097.8	1316.4	1097.8	-0.2618	23900	17522	1.6517	0.049301	0.9507	0.098602	0.24979	False
PROM1_g3	PROM1	1013.4	835.73	1013.4	835.73	-0.27774	15777	12437	1.5928	0.055598	0.9444	0.1112	0.27261	False
KRT20_g3	KRT20	811.79	963.21	811.79	963.21	0.24647	11465	9304.8	1.5698	0.94177	0.058229	0.11646	0.27659	True
LRIG1_g6	LRIG1	725.4	587.06	725.4	587.06	-0.30481	9569.2	8032.6	1.5436	0.061347	0.93865	0.12269	0.28257	False
CTRL0003_g3	CTRL	2804.2	2480.4	2804.2	2480.4	-0.17695	52423	47330	1.4884	0.068327	0.93167	0.13665	0.30313	False
LRIG1_g5	LRIG1	1822.4	1581	1822.4	1581	-0.20492	29149	26852	1.4735	0.070315	0.92969	0.14063	0.30313	False
AAVS1_g3	AAVS1	799.45	660.24	799.45	660.24	-0.27563	9688.9	9120.3	1.4576	0.072471	0.92753	0.14494	0.30313	False
ROSA26_g5	ROSA26	921.49	770.41	921.49	770.41	-0.25803	11412	10982	1.4416	0.074707	0.92529	0.14941	0.30313	False
PROM1_g4	PROM1	1671.6	1449.5	1671.6	1449.5	-0.20547	24648	23972	1.434	0.075781	0.92422	0.15156	0.30313	False
LRIG1_g1	LRIG1	1053.1	892.39	1053.1	892.39	-0.23869	12919	13080	1.4055	0.079937	0.92006	0.15987	0.30566	False
PROM1_g6	PROM1	2284.5	2022.4	2284.5	2022.4	-0.17572	34346	36140	1.3787	0.084001	0.916	0.168	0.30566	False
CCR5_g5	CCR5	755.57	629.55	755.57	629.55	-0.26285	7939.8	8471.7	1.3691	0.085484	0.91452	0.17097	0.30566	False
AAVS1_g10	AAVS1	560.85	458	560.85	458	-0.29169	5288.9	5741.9	1.3573	0.087346	0.91265	0.17469	0.30566	False
CCR5_g6	CCR5	811.79	681.49	811.79	681.49	-0.25207	8488.8	9304.8	1.3508	0.088382	0.91162	0.17676	0.30566	False
AAVS1_g7	AAVS1	774.76	648.44	774.76	648.44	-0.25643	7979.1	8754.1	1.3502	0.088481	0.91152	0.17696	0.30566	False
ROSA26_g6	ROSA26	1423.4	1244.9	1423.4	1244.9	-0.19309	15919	19412	1.2807	0.10016	0.89984	0.20031	0.3383	False
LRIG1_g2	LRIG1	681.52	572.89	681.52	572.89	-0.25009	5899.8	7404	1.2624	0.1034	0.8966	0.2068	0.34167	False
CCR5_g2	CCR5	1136.8	989.97	1136.8	989.97	-0.19931	10776	14457	1.221	0.11104	0.88896	0.22209	0.34626	False
SOX9_g6	SOX9	1409.7	1578.6	1409.7	1578.6	0.16319	14271	19167	1.2203	0.88882	0.11118	0.22236	0.34626	True
CTRL0010_g10	CTRL	1479.6	1305.5	1479.6	1305.5	-0.18043	15149	20424	1.2179	0.11162	0.88838	0.22325	0.34626	False
CTRL0007_g7	CTRL	1033.9	904.19	1033.9	904.19	-0.19324	8416.1	12768	1.1482	0.12545	0.87455	0.2509	0.38137	False
SOX9_g3	SOX9	372.98	436.75	372.98	436.75	0.22714	2033.2	3376.6	1.0974	0.86376	0.13624	0.27247	0.40603	True
ROSA26_g7	ROSA26	1182	1048.2	1182	1048.2	-0.17319	8954.7	15215	1.0849	0.13898	0.86102	0.27796	0.40624	False
SOX9_g2	SOX9	815.9	916.78	815.9	916.78	0.16799	5088.7	9366.4	1.0424	0.85138	0.14862	0.29723	0.41573	True
PROM1_g5	PROM1	943.43	832.58	943.43	832.58	-0.18012	6143.6	11326	1.0416	0.1488	0.8512	0.29761	0.41573	False
CTRL0006_g6	CTRL	1737.4	1573.1	1737.4	1573.1	-0.14323	13497	25219	1.0346	0.15043	0.84957	0.30085	0.41573	False
CCR5_g3	CCR5	558.1	482.39	558.1	482.39	-0.20992	2866	5705.3	1.0023	0.15809	0.84191	0.31618	0.4291	False
AAVS1_g2	AAVS1	1055.9	944.33	1055.9	944.33	-0.16092	6221.2	13124	0.97368	0.16511	0.83489	0.33022	0.44029	False
CTRL0001_g1	CTRL	903.66	808.19	903.66	808.19	-0.16091	4557.8	10705	0.92278	0.17806	0.82194	0.35612	0.46665	False
AAVS1_g8	AAVS1	1582.4	1455.1	1582.4	1455.1	-0.121	8113.7	22308	0.8529	0.19686	0.80314	0.39371	0.50716	False
ROSA26_g4	ROSA26	1105.2	1012	1105.2	1012	-0.12702	4346.3	13934	0.78985	0.21481	0.78519	0.42962	0.54418	False
CCR5_g8	CCR5	935.2	853.83	935.2	853.83	-0.13118	3310.7	11197	0.76901	0.22094	0.77906	0.44189	0.55055	False
EGFP_g2	EGFP	1720.9	1839.9	1720.9	1839.9	0.096352	7072	24905	0.7536	0.77445	0.22555	0.45109	0.55295	True
KRT20_g5	KRT20	1586.6	1693.5	1586.6	1693.5	0.094051	5718.3	22384	0.7148	0.76263	0.23737	0.47474	0.5727	True
CCR5_g1	CCR5	562.22	609.88	562.22	609.88	0.11719	1135.7	5760.2	0.62797	0.73499	0.26501	0.53003	0.62941	True
AAVS1_g4	AAVS1	511.48	469.02	511.48	469.02	-0.12479	901.65	5092.2	0.59509	0.27589	0.72411	0.55178	0.64516	False
CCR5_g4	CCR5	510.11	472.95	510.11	472.95	-0.1089	690.41	5074.4	0.52164	0.30096	0.69904	0.60192	0.68448	False
CTRL0005_g5	CTRL	899.55	845.96	899.55	845.96	-0.088511	1435.9	10641	0.51949	0.30171	0.69829	0.60342	0.68448	False
CCR5_g7	CCR5	1431.6	1364.6	1431.6	1364.6	-0.06915	2247.6	19560	0.47939	0.31583	0.68417	0.63166	0.69003	False
CCR5_g9	CCR5	526.57	491.84	526.57	491.84	-0.098238	603.02	5288.7	0.47753	0.31649	0.68351	0.63298	0.69003	False
EGFP_g5	EGFP	1587.9	1658.9	1587.9	1658.9	0.06302	2516.6	22409	0.47393	0.68222	0.31778	0.63555	0.69003	True
PROM1_g1	PROM1	847.44	802.68	847.44	802.68	-0.078196	1001.8	9842.6	0.45119	0.32593	0.67407	0.65185	0.69776	False
ROSA26_g8	ROSA26	807.67	783	807.67	783	-0.044696	304.29	9243.2	0.25659	0.39875	0.60125	0.79749	0.8418	False
ROSA26_g10	ROSA26	1217.7	1190.6	1217.7	1190.6	-0.032374	365.65	15820	0.21501	0.41488	0.58512	0.82976	0.85694	False
AAVS1_g6	AAVS1	389.44	376.94	389.44	376.94	-0.046924	78.06	3571.5	0.20908	0.41719	0.58281	0.83439	0.85694	False
CCR5_g10	CCR5	740.48	756.25	740.48	756.25	0.030355	124.29	8251.4	0.17357	0.5689	0.4311	0.8622	0.8737	True
ROSA26_g9	ROSA26	344.19	348.61	344.19	348.61	0.018385	9.7994	3042	0.080267	0.53199	0.46801	0.93602	0.93602	True
