sgrna	Gene	control_count	treatment_count	control_mean	treat_mean	LFC	control_var	adj_var	score	p.low	p.high	p.twosided	FDR	high_in_treatment
EGFP_g1	EGFP	320.47	1608.5	320.47	1608.5	2.3239	8.2949e+05	24034	8.3082	1	4.9522e-17	9.9045e-17	7.5274e-15	True
EGFP_g3	EGFP	222.72	1259.4	222.72	1259.4	2.4942	5.3739e+05	16703	8.0216	1	5.4501e-16	1.09e-15	4.1421e-14	True
EGFP_g6	EGFP	540.71	2021.3	540.71	2021.3	1.9004	1.0961e+06	40551	7.3525	1	9.7655e-14	1.9531e-13	4.9478e-12	True
EGFP_g5	EGFP	452.86	1768.7	452.86	1768.7	1.9632	8.6577e+05	33963	7.1403	1	4.6902e-13	9.3803e-13	1.7823e-11	True
EGFP_g2	EGFP	537	1961.7	537	1961.7	1.8672	1.0149e+06	40273	7.0995	1	6.2856e-13	1.2571e-12	1.9108e-11	True
EGFP_g4	EGFP	253.65	1024.5	253.65	1024.5	2.0097	2.971e+05	19023	5.5889	1	1.1814e-08	2.3628e-08	2.9929e-07	True
KRT20_g5	KRT20	642.17	1805.7	642.17	1805.7	1.4901	6.7686e+05	48161	5.3017	1	5.7455e-08	1.1491e-07	1.2476e-06	True
KRT20_g2	KRT20	436.78	1354.2	436.78	1354.2	1.6303	4.2088e+05	32757	5.0692	1	2.0129e-07	4.0258e-07	3.8245e-06	True
KRT20_g3	KRT20	334.08	1027	334.08	1027	1.6173	2.4008e+05	25055	4.3777	0.99999	6.1024e-06	1.2205e-05	0.00010306	True
KRT20_g1	KRT20	343.98	1025.3	343.98	1025.3	1.5729	2.3212e+05	25797	4.2422	0.99999	1.1248e-05	2.2497e-05	0.00017097	True
KRT20_g6	KRT20	301.91	881.86	301.91	881.86	1.5433	1.6817e+05	22642	3.8542	0.99994	5.939e-05	0.00011878	0.00082067	True
KRT20_g4	KRT20	165.8	552.94	165.8	552.94	1.7316	74939	12435	3.4718	0.99972	0.00027751	0.00055502	0.0035151	True
SOX9_g2	SOX9	1524.4	977.51	1524.4	977.51	-0.64052	1.4954e+05	1.1432e+05	1.6174	0.052891	0.94711	0.10578	0.61841	False
SOX9_g6	SOX9	2307.6	1683.2	2307.6	1683.2	-0.455	1.9497e+05	1.7306e+05	1.5011	0.06667	0.93333	0.13334	0.72384	False
SOX9_g5	SOX9	2079.9	1518.7	2079.9	1518.7	-0.45345	1.575e+05	1.5599e+05	1.421	0.077654	0.92235	0.15531	0.78689	False
SOX9_g1	SOX9	1817.6	1322.4	1817.6	1322.4	-0.45864	1.2265e+05	1.3632e+05	1.3414	0.08989	0.91011	0.17978	0.85395	False
SOX9_g4	SOX9	984.91	695.58	984.91	695.58	-0.50116	41856	73865	1.0651	0.14341	0.85659	0.28682	0.87695	False
AAVS1_g3	AAVS1	975.01	703.97	975.01	703.97	-0.46933	36731	73122	1.0029	0.15796	0.84204	0.31593	0.87695	False
CCR5_g6	CCR5	989.86	726.63	989.86	726.63	-0.44548	34646	74236	0.96659	0.16687	0.83313	0.33375	0.87695	False
AAVS1_g9	AAVS1	446.67	279.41	446.67	279.41	-0.67492	13989	33499	0.93718	0.17433	0.82567	0.34866	0.87695	False
SOX9_g3	SOX9	675.58	465.68	675.58	465.68	-0.53583	22029	50666	0.93682	0.17443	0.82557	0.34885	0.87695	False
ROSA26_g1	ROSA26	3415	2951	3415	2951	-0.21063	1.0766e+05	2.5611e+05	0.91693	0.17959	0.82041	0.35918	0.87695	False
PROM1_g2	PROM1	1654.3	1337.5	1654.3	1337.5	-0.30652	50193	1.2407e+05	0.89952	0.18419	0.81581	0.36837	0.87695	False
CTRL0004_g4	CTRL	538.24	365.83	538.24	365.83	-0.5558	14862	40366	0.86897	0.19243	0.80757	0.38487	0.87695	False
CCR5_g3	CCR5	710.23	514.35	710.23	514.35	-0.46477	19184	53264	0.85175	0.19718	0.80282	0.39435	0.87695	False
LRIG1_g5	LRIG1	2014.4	1685.7	2014.4	1685.7	-0.25686	54019	1.5107e+05	0.84566	0.19887	0.80113	0.39774	0.87695	False
PROM1_g1	PROM1	1086.4	855.84	1086.4	855.84	-0.34374	26572	81474	0.80783	0.20959	0.79041	0.41919	0.87695	False
CTRL0006_g6	CTRL	1983.4	1677.3	1983.4	1677.3	-0.24174	46863	1.4875e+05	0.79378	0.21366	0.78634	0.42732	0.87695	False
ROSA26_g3	ROSA26	1729.8	1446.5	1729.8	1446.5	-0.25782	40112	1.2973e+05	0.78639	0.21582	0.78418	0.43164	0.87695	False
PROM1_g6	PROM1	2495.7	2156.4	2495.7	2156.4	-0.21073	57561	1.8717e+05	0.78427	0.21644	0.78356	0.43288	0.87695	False
AAVS1_g1	AAVS1	1373.4	1132.7	1373.4	1132.7	-0.27775	28968	1.03e+05	0.75	0.22663	0.77337	0.45325	0.87695	False
CCR5_g7	CCR5	1710	1454.9	1710	1454.9	-0.23288	32525	1.2824e+05	0.71221	0.23817	0.76183	0.47633	0.87695	False
ROSA26_g6	ROSA26	1567.7	1327.4	1567.7	1327.4	-0.23988	28871	1.1757e+05	0.70081	0.24171	0.75829	0.48342	0.87695	False
CCR5_g2	CCR5	1270.7	1055.5	1270.7	1055.5	-0.26745	23154	95300	0.69712	0.24286	0.75714	0.48573	0.87695	False
ROSA26_g5	ROSA26	1010.9	821.44	1010.9	821.44	-0.29907	17946	75813	0.68835	0.24562	0.75438	0.49123	0.87695	False
CCR5_g1	CCR5	816.64	650.27	816.64	650.27	-0.32819	13838	61245	0.67337	0.25036	0.74964	0.50071	0.87695	False
AAVS1_g2	AAVS1	1207.6	1006.9	1207.6	1006.9	-0.26206	20151	90568	0.66715	0.25234	0.74766	0.50467	0.87695	False
mKate2_g5	mKate2	1353.6	1147	1353.6	1147	-0.23878	21349	1.0152e+05	0.64856	0.25831	0.74169	0.51662	0.87695	False
PROM1_g3	PROM1	1061.6	891.08	1061.6	891.08	-0.25238	14542	79618	0.60458	0.27273	0.72727	0.54546	0.87695	False
AAVS1_g10	AAVS1	612.48	488.33	612.48	488.33	-0.32619	7705.6	45933	0.58379	0.27968	0.72032	0.55936	0.87695	False
CCR5_g8	CCR5	1070.3	910.38	1070.3	910.38	-0.23322	12785	80268	0.56457	0.28618	0.71382	0.57237	0.87695	False
LRIG1_g3	LRIG1	767.14	633.49	767.14	633.49	-0.27577	8931.1	57533	0.55864	0.2882	0.7118	0.57641	0.87695	False
AAVS1_g5	AAVS1	924.28	778.65	924.28	778.65	-0.24707	10604	69318	0.5536	0.28992	0.71008	0.57985	0.87695	False
CCR5_g5	CCR5	803.02	671.25	803.02	671.25	-0.25824	8682.3	60224	0.53805	0.29527	0.70473	0.59054	0.87695	False
ROSA26_g2	ROSA26	1410.6	1237.6	1410.6	1237.6	-0.18855	14953	1.0579e+05	0.53171	0.29746	0.70254	0.59492	0.87695	False
CTRL0002_g2	CTRL	799.31	672.09	799.31	672.09	-0.24977	8092.9	59946	0.52072	0.30128	0.69872	0.60256	0.87695	False
CTRL0007_g7	CTRL	1112.4	964.08	1112.4	964.08	-0.20619	10992	83423	0.51347	0.30381	0.69619	0.60762	0.87695	False
CTRL0003_g3	CTRL	2879.3	2644.7	2879.3	2644.7	-0.12253	27503	2.1593e+05	0.50471	0.30688	0.69312	0.61376	0.87695	False
AAVS1_g7	AAVS1	812.92	691.39	812.92	691.39	-0.23331	7385.4	60966	0.49319	0.31094	0.68906	0.62188	0.87695	False
mKate2_g6	mKate2	2395.5	2189.1	2395.5	2189.1	-0.1299	21290	1.7965e+05	0.48684	0.31319	0.68681	0.62637	0.87695	False
ROSA26_g4	ROSA26	1223.7	1079	1223.7	1079	-0.18137	10466	91774	0.47764	0.31645	0.68355	0.63291	0.87695	False
LRIG1_g6	LRIG1	736.21	625.94	736.21	625.94	-0.23374	6079.5	55213	0.47093	0.31885	0.68115	0.63769	0.87695	False
PROM1_g5	PROM1	1017.1	887.73	1017.1	887.73	-0.19604	8366.2	76277	0.46858	0.31968	0.68032	0.63937	0.87695	False
PROM1_g4	PROM1	1708.7	1545.6	1708.7	1545.6	-0.14473	13316	1.2815e+05	0.45588	0.32424	0.67576	0.64848	0.87695	False
LRIG1_g4	LRIG1	1312.8	1170.5	1312.8	1170.5	-0.1654	10126	98455	0.45357	0.32507	0.67493	0.65014	0.87695	False
CTRL0008_g8	CTRL	1054.2	928.84	1054.2	928.84	-0.18246	7857.5	79061	0.446	0.3278	0.6722	0.6556	0.87695	False
CTRL0009_g9	CTRL	941.61	823.96	941.61	823.96	-0.19233	6920.2	70617	0.44308	0.32885	0.67115	0.65771	0.87695	False
ROSA26_g7	ROSA26	1247.2	1117.6	1247.2	1117.6	-0.15814	8397.2	93537	0.42377	0.33587	0.66413	0.67173	0.8802	False
CCR5_g10	CCR5	909.43	806.34	909.43	806.34	-0.17338	5314.3	68204	0.3952	0.34635	0.65365	0.69269	0.88453	False
CTRL0010_g10	CTRL	1509.5	1392	1509.5	1392	-0.11686	6907	1.1321e+05	0.34932	0.36342	0.63658	0.72685	0.88453	False
AAVS1_g4	AAVS1	570.41	500.08	570.41	500.08	-0.18947	2472.9	42778	0.34493	0.36507	0.63493	0.73015	0.88453	False
LRIG1_g2	LRIG1	685.48	610.84	685.48	610.84	-0.16607	2785.6	51408	0.33128	0.37021	0.62979	0.74043	0.88453	False
CCR5_g9	CCR5	591.44	524.41	591.44	524.41	-0.17322	2246.4	44356	0.32237	0.37358	0.62642	0.74717	0.88453	False
CTRL0001_g1	CTRL	944.08	861.72	944.08	861.72	-0.13155	3391.8	70803	0.30985	0.37834	0.62166	0.75668	0.88453	False
mKate2_g1	mKate2	1446.4	1348.4	1446.4	1348.4	-0.10121	4807.9	1.0848e+05	0.29774	0.38295	0.61705	0.7659	0.88453	False
AAVS1_g8	AAVS1	1653.1	1551.4	1653.1	1551.4	-0.091493	5165.4	1.2397e+05	0.28867	0.38642	0.61358	0.77283	0.88453	False
LRIG1_g1	LRIG1	1023.3	951.5	1023.3	951.5	-0.10481	2575.6	76741	0.25925	0.39772	0.60228	0.79544	0.88453	False
CCR5_g4	CCR5	555.56	504.28	555.56	504.28	-0.13946	1315	41665	0.25629	0.39886	0.60114	0.79773	0.88453	False
ROSA26_g8	ROSA26	899.54	834.87	899.54	834.87	-0.10751	2091	67462	0.24939	0.40153	0.59847	0.80306	0.88453	False
mKate2_g3	mKate2	1586.3	1508.6	1586.3	1508.6	-0.072332	3012.2	1.1896e+05	0.22504	0.41097	0.58903	0.82195	0.8924	False
ROSA26_g10	ROSA26	1215.1	1269.5	1215.1	1269.5	0.063191	1482.3	91125	0.18037	0.57156	0.42844	0.85689	0.91723	True
AAVS1_g6	AAVS1	426.88	401.91	426.88	401.91	-0.086736	311.66	32014	0.15163	0.43974	0.56026	0.87948	0.925	False
CTRL0005_g5	CTRL	939.13	901.99	939.13	901.99	-0.058147	689.62	70431	0.14022	0.44424	0.55576	0.88849	0.925	False
ROSA26_g9	ROSA26	389.76	371.7	389.76	371.7	-0.068241	162.95	29230	0.12124	0.45175	0.54825	0.9035	0.92792	False
mKate2_g2	mKate2	1717.4	1702.5	1717.4	1702.5	-0.012606	111.76	1.288e+05	0.041659	0.48339	0.51661	0.96677	0.97966	False
mKate2_g4	mKate2	1082.7	1083.2	1082.7	1083.2	0.00075824	0.16227	81196	0.0019993	0.50076	0.49924	0.99848	0.99848	True
