sgrna	Gene	control_count	treatment_count	control_mean	treat_mean	LFC	control_var	adj_var	score	p.low	p.high	p.twosided	FDR	high_in_treatment
EGFP_g4	EGFP	3688.9	652.57	3688.9	652.57	-2.4972	4.6097e+06	5.0239e+10	2.8348	0.0022926	0.99771	0.0045852	0.04304	False
EGFP_g3	EGFP	3472.9	641.14	3472.9	641.14	-2.4356	4.0095e+06	4.7297e+10	2.8307	0.0023224	0.99768	0.0046447	0.04304	False
EGFP_g2	EGFP	6346.7	1004.6	6346.7	1004.6	-2.6582	1.4269e+07	8.6435e+10	2.7846	0.0026796	0.99732	0.0053592	0.04304	False
EGFP_g5	EGFP	6137.8	990.85	6137.8	990.85	-2.6298	1.3246e+07	8.359e+10	2.7835	0.0026884	0.99731	0.0053768	0.04304	False
EGFP_g1	EGFP	5409.8	1008	5409.8	1008	-2.4229	9.688e+06	7.3675e+10	2.7571	0.0029162	0.99708	0.0058324	0.04304	False
SOX9_g3	SOX9	1776.9	661.71	1776.9	661.71	-1.4237	6.2182e+05	2.4199e+10	2.7101	0.0033632	0.99664	0.0067263	0.04304	False
EGFP_g6	EGFP	6805.4	1548.6	6805.4	1548.6	-2.135	1.3817e+07	9.2681e+10	2.6532	0.0039867	0.99601	0.0079733	0.04304	False
SOX9_g4	SOX9	2194.7	991.99	2194.7	991.99	-1.1448	7.2323e+05	2.9889e+10	2.6096	0.004532	0.99547	0.0090641	0.04304	False
SOX9_g2	SOX9	3194.7	1324.6	3194.7	1324.6	-1.2695	1.7487e+06	4.3508e+10	2.5755	0.0050052	0.99499	0.01001	0.04304	False
SOX9_g5	SOX9	4278.2	1541.7	4278.2	1541.7	-1.4719	3.7443e+06	5.8265e+10	2.5741	0.0050245	0.99498	0.010049	0.04304	False
SOX9_g1	SOX9	4271.1	2060.6	4271.1	2060.6	-1.0512	2.4433e+06	5.8168e+10	2.4718	0.0067212	0.99328	0.013442	0.04304	False
SOX9_g6	SOX9	5740.5	3245.7	5740.5	3245.7	-0.82245	3.112e+06	7.8179e+10	2.361	0.0091117	0.99089	0.018223	0.04304	False
CCR5_g4	CCR5	2072.9	2016	2072.9	2016	-0.040147	1619.7	2.8231e+10	2.3463	0.0094799	0.99052	0.01896	0.04304	False
CCR5_g6	CCR5	3160	2997.7	3160	2997.7	-0.076056	13175	4.3036e+10	2.2771	0.011391	0.98861	0.022781	0.04304	False
PROM1_g5	PROM1	3579.6	3560	3579.6	3560	-0.0079203	192.15	4.875e+10	2.2353	0.0127	0.9873	0.0254	0.04304	False
CCR5_g8	CCR5	3646.2	3641.1	3646.2	3641.1	-0.0020299	13.149	4.9658e+10	2.2302	0.012869	0.98713	0.025737	0.04304	False
PROM1_g1	PROM1	3688.9	3684.5	3688.9	3684.5	-0.0017084	9.5346	5.0239e+10	2.2278	0.012946	0.98705	0.025891	0.04304	False
ROSA26_g4	ROSA26	4353.8	4100.5	4353.8	4100.5	-0.086442	32071	5.9294e+10	2.2189	0.013246	0.98675	0.026493	0.04304	False
ROSA26_g7	ROSA26	4908.5	4684.5	4908.5	4684.5	-0.067354	25074	6.6848e+10	2.1906	0.01424	0.98576	0.02848	0.04304	False
AAVS1_g8	AAVS1	6001.8	5816	6001.8	5816	-0.045374	17271	8.1738e+10	2.1453	0.015963	0.98404	0.031925	0.04304	False
CCR5_g7	CCR5	5861.4	5810.2	5861.4	5810.2	-0.012637	1306.9	7.9825e+10	2.1409	0.01614	0.98386	0.03228	0.04304	False
LRIG1_g5	LRIG1	7395.6	7337.1	7395.6	7337.1	-0.011458	1711.8	1.0072e+11	2.0945	0.018108	0.98189	0.036216	0.043689	False
KRT20_g5	KRT20	3867.6	8194.2	3867.6	8194.2	1.083	9.3599e+06	5.2672e+10	0.018852	0.028108	0.97189	0.056217	0.056217	True
mKate2_g1	mKate2	1765.3	4595.4	1765.3	4595.4	1.3797	4.0046e+06	2.4042e+10	0.018252	0.023433	0.97657	0.046866	0.049713	True
mKate2_g2	mKate2	2059.6	5113.1	2059.6	5113.1	1.3114	4.662e+06	2.8049e+10	0.018232	0.024122	0.97588	0.048243	0.049713	True
mKate2_g3	mKate2	2078.2	5065.1	2078.2	5065.1	1.2848	4.4607e+06	2.8303e+10	0.017754	0.023787	0.97621	0.047573	0.049713	True
mKate2_g6	mKate2	3097.8	6685.7	3097.8	6685.7	1.1096	6.4364e+06	4.2188e+10	0.017468	0.025661	0.97434	0.051322	0.052006	True
mKate2_g5	mKate2	1636.5	3701.7	1636.5	3701.7	1.1771	2.1326e+06	2.2287e+10	0.013834	0.019612	0.98039	0.039224	0.044533	True
KRT20_g2	KRT20	2739.6	5324.5	2739.6	5324.5	0.95845	3.341e+06	3.731e+10	0.013383	0.021748	0.97825	0.043495	0.047908	True
KRT20_g3	KRT20	1907.6	4046.8	1907.6	4046.8	1.0847	2.2882e+06	2.5979e+10	0.013273	0.019845	0.98015	0.03969	0.044533	True
KRT20_g6	KRT20	1588.5	3240	1588.5	3240	1.0279	1.3638e+06	2.1633e+10	0.011229	0.017426	0.98257	0.034851	0.043416	True
KRT20_g1	KRT20	2312.9	4249.1	2312.9	4249.1	0.87717	1.8745e+06	3.1499e+10	0.010909	0.018905	0.98109	0.037811	0.04421	True
KRT20_g4	KRT20	1197.3	2140.6	1197.3	2140.6	0.83762	4.4483e+05	1.6306e+10	0.0073864	0.013275	0.98672	0.026551	0.04304	True
mKate2_g4	mKate2	2344	3624	2344	3624	0.62837	8.1915e+05	3.1923e+10	0.0071638	0.016016	0.98398	0.032031	0.04304	True
ROSA26_g10	ROSA26	3490.7	4077.7	3490.7	4077.7	0.22418	1.7228e+05	4.7539e+10	0.0026922	0.014733	0.98527	0.029467	0.04304	True
ROSA26_g8	ROSA26	3020.5	3546.3	3020.5	3546.3	0.23146	1.3823e+05	4.1135e+10	0.0025925	0.013787	0.98621	0.027573	0.04304	True
CTRL0009_g9	CTRL	3356.5	3869.7	3356.5	3869.7	0.20522	1.317e+05	4.5711e+10	0.0024005	0.014262	0.98574	0.028524	0.04304	True
CCR5_g3	CCR5	2250.7	2661.7	2250.7	2661.7	0.24189	84466	3.0652e+10	0.0023476	0.012007	0.98799	0.024014	0.04304	True
CTRL0002_g2	CTRL	3200.9	3578.3	3200.9	3578.3	0.16073	71197	4.3593e+10	0.0018073	0.013509	0.98649	0.027017	0.04304	True
CTRL0001_g1	CTRL	3270.2	3648	3270.2	3648	0.15765	71340	4.4537e+10	0.0017899	0.013623	0.98638	0.027246	0.04304	True
CTRL0004_g4	CTRL	1712.9	1978.3	1712.9	1978.3	0.20769	35211	2.3328e+10	0.0017375	0.010243	0.98976	0.020485	0.04304	True
ROSA26_g6	ROSA26	5569.8	6003.4	5569.8	6003.4	0.10813	93993	7.5854e+10	0.0015742	0.017115	0.98289	0.034229	0.043416	True
ROSA26_g3	ROSA26	6016.9	6460.5	6016.9	6460.5	0.10261	98390	8.1944e+10	0.0015496	0.017709	0.98229	0.035418	0.043416	True
AAVS1_g7	AAVS1	2603.6	2868.5	2603.6	2868.5	0.13978	35107	3.5458e+10	0.0014072	0.012022	0.98798	0.024044	0.04304	True
ROSA26_g1	ROSA26	12016	12563	12016	12563	0.064249	1.4975e+05	1.6364e+11	0.0013528	0.024203	0.9758	0.048405	0.049713	True
CTRL0006_g6	CTRL	6780.5	7188.5	6780.5	7188.5	0.084294	83246	9.2342e+10	0.0013427	0.018543	0.98146	0.037086	0.04404	True
CTRL0010_g10	CTRL	5600	5964.5	5600	5964.5	0.090957	66428	7.6266e+10	0.0013199	0.016957	0.98304	0.033914	0.043416	True
AAVS1_g3	AAVS1	3123.6	3394.3	3123.6	3394.3	0.11986	36636	4.2539e+10	0.0013124	0.012974	0.98703	0.025947	0.04304	True
AAVS1_g1	AAVS1	4719.1	5014.8	4719.1	5014.8	0.087656	43714	6.4269e+10	0.0011663	0.015551	0.98445	0.031103	0.04304	True
AAVS1_g10	AAVS1	1928.9	2117.7	1928.9	2117.7	0.13465	17822	2.6269e+10	0.0011649	0.010327	0.98967	0.020654	0.04304	True
AAVS1_g5	AAVS1	3481.8	3733.7	3481.8	3733.7	0.10074	31724	4.7418e+10	0.0011567	0.013508	0.98649	0.027016	0.04304	True
ROSA26_g2	ROSA26	5030.3	5316.5	5030.3	5316.5	0.079839	40978	6.8506e+10	0.0010938	0.015961	0.98404	0.031923	0.04304	True
AAVS1_g4	AAVS1	1906.7	2081.1	1906.7	2081.1	0.12624	15216	2.5967e+10	0.0010826	0.010208	0.98979	0.020416	0.04304	True
CTRL0005_g5	CTRL	3614.2	3843.4	3614.2	3843.4	0.088666	26256	4.9222e+10	0.0010329	0.013644	0.98636	0.027289	0.04304	True
AAVS1_g9	AAVS1	1475.6	1616	1475.6	1616	0.13106	9859.4	2.0095e+10	0.00099058	0.0090205	0.99098	0.018041	0.04304	True
CTRL0003_g3	CTRL	10213	10566	10213	10566	0.049038	62351	1.3908e+11	0.00094689	0.022119	0.97788	0.044238	0.048029	True
ROSA26_g9	ROSA26	1541.3	1675.4	1541.3	1675.4	0.12026	8987.9	2.0991e+10	0.00092539	0.0091488	0.99085	0.018298	0.04304	True
AAVS1_g2	AAVS1	3912.9	4123.4	3912.9	4123.4	0.075572	22152	5.3289e+10	0.00091181	0.014061	0.98594	0.028122	0.04304	True
LRIG1_g4	LRIG1	4560.9	4771.4	4560.9	4771.4	0.065073	22150	6.2114e+10	0.00084452	0.015055	0.98495	0.030109	0.04304	True
AAVS1_g6	AAVS1	1392	1493.7	1392	1493.7	0.10166	5170.9	1.8958e+10	0.0007386	0.0085865	0.99141	0.017173	0.04304	True
CCR5_g9	CCR5	2183.1	2288	2183.1	2288	0.067652	5497.7	2.9732e+10	0.00060813	0.010481	0.98952	0.020962	0.04304	True
LRIG1_g2	LRIG1	2571.6	2684.6	2571.6	2684.6	0.062008	6382.3	3.5022e+10	0.00060372	0.011321	0.98868	0.022642	0.04304	True
CTRL0008_g8	CTRL	3713.8	3841.1	3713.8	3841.1	0.048616	8104.5	5.0578e+10	0.00056611	0.01345	0.98655	0.0269	0.04304	True
CTRL0007_g7	CTRL	4077.4	4188.5	4077.4	4188.5	0.038804	6180.8	5.5529e+10	0.00047182	0.013988	0.98601	0.027977	0.04304	True
PROM1_g4	PROM1	6303.1	6411.4	6303.1	6411.4	0.024559	5857.1	8.5842e+10	0.00036941	0.017164	0.98284	0.034328	0.043416	True
CCR5_g1	CCR5	2735.1	2803.4	2735.1	2803.4	0.035561	2331.1	3.7249e+10	0.00035378	0.01146	0.98854	0.022919	0.04304	True
LRIG1_g1	LRIG1	4335.1	4414.8	4335.1	4414.8	0.026272	3175	5.904e+10	0.00032796	0.014293	0.98571	0.028586	0.04304	True
CCR5_g5	CCR5	2968	3022.8	2968	3022.8	0.026394	1502.5	4.0421e+10	0.00027265	0.011856	0.98814	0.023713	0.04304	True
ROSA26_g5	ROSA26	3688	3728	3688	3728	0.01554	798.01	5.0227e+10	0.00017826	0.0131	0.9869	0.026199	0.04304	True
PROM1_g3	PROM1	3619.6	3646.8	3619.6	3646.8	0.010819	371.36	4.9294e+10	0.00012275	0.012937	0.98706	0.025873	0.04304	True
CCR5_g10	CCR5	3273.8	3298.3	3273.8	3298.3	0.010737	299.24	4.4585e+10	0.00011586	0.01231	0.98769	0.024621	0.04304	True
PROM1_g6	PROM1	8773.4	8806.8	8773.4	8806.8	0.0054822	557.98	1.1948e+11	9.6643e-05	0.019923	0.98008	0.039846	0.044533	True
CCR5_g2	CCR5	4481.8	4497.1	4481.8	4497.1	0.0049172	117.12	6.1037e+10	6.1949e-05	0.014316	0.98568	0.028631	0.04304	True
LRIG1_g6	LRIG1	2618.7	2621.7	2618.7	2621.7	0.0016581	4.5377	3.5663e+10	1.5952e-05	0.010955	0.98904	0.02191	0.04304	True
PROM1_g2	PROM1	5603.6	5606.8	5603.6	5606.8	0.00083031	5.2053	7.6314e+10	1.168e-05	0.015935	0.98407	0.03187	0.04304	True
LRIG1_g3	LRIG1	2687.1	2688	2687.1	2688	0.00045767	0.36372	3.6596e+10	4.4585e-06	0.011087	0.98891	0.022173	0.04304	True
