sgrna	Gene	control_count	treatment_count	control_mean	treat_mean	LFC	control_var	adj_var	score	p.low	p.high	p.twosided	FDR	high_in_treatment
mKate2_g2	mKate2	1962.9	3970.2	1962.9	3970.2	1.0158	2.0145e+06	2.1345e+05	4.3447	0.99999	6.9748e-06	1.395e-05	0.001011	True
mKate2_g5	mKate2	1559.7	3172.2	1559.7	3172.2	1.0238	1.3002e+06	1.4736e+05	4.2007	0.99999	1.3303e-05	2.6606e-05	0.001011	True
mKate2_g1	mKate2	1682.5	3299.1	1682.5	3299.1	0.97105	1.3067e+06	1.665e+05	3.9618	0.99996	3.719e-05	7.4381e-05	0.0018843	True
mKate2_g3	mKate2	1980.7	3764	1980.7	3764	0.92589	1.59e+06	2.1657e+05	3.8319	0.99994	6.3584e-05	0.00012717	0.0024162	True
mKate2_g6	mKate2	2952.4	5281.8	2952.4	5281.8	0.8389	2.7129e+06	4.1219e+05	3.6282	0.99986	0.00014273	0.00028546	0.004339	True
KRT20_g6	KRT20	1513.9	2836.7	1513.9	2836.7	0.90549	8.7489e+05	1.4046e+05	3.5295	0.99979	0.0002082	0.0004164	0.0052743	True
KRT20_g5	KRT20	3686.1	6205.4	3686.1	6205.4	0.75127	3.1734e+06	5.8962e+05	3.2809	0.99948	0.0005174	0.0010348	0.011235	True
KRT20_g3	KRT20	1818	3205.2	1818	3205.2	0.81767	9.6205e+05	1.8864e+05	3.1937	0.9993	0.0007023	0.0014046	0.013344	True
KRT20_g2	KRT20	2611	4291	2611	4291	0.71651	1.4113e+06	3.3809e+05	2.8894	0.99807	0.00193	0.00386	0.032596	True
KRT20_g1	KRT20	2204.4	3365	2204.4	3365	0.61002	6.7354e+05	2.5733e+05	2.288	0.98893	0.01107	0.022139	0.16826	True
KRT20_g4	KRT20	1141.2	1733.7	1141.2	1733.7	0.60297	1.7558e+05	89111	1.9851	0.97643	0.023566	0.047132	0.32564	True
EGFP_g3	EGFP	3309.9	4526.5	3309.9	4526.5	0.45148	7.4005e+05	4.9563e+05	1.7281	0.95801	0.041987	0.083973	0.53183	True
EGFP_g6	EGFP	6486	8493	6486	8493	0.3889	2.0141e+06	1.4678e+06	1.6566	0.9512	0.048797	0.097595	0.57055	True
mKate2_g4	mKate2	2234	3002.6	2234	3002.6	0.42643	2.9539e+05	2.6293e+05	1.499	0.93306	0.066943	0.13389	0.72681	True
EGFP_g2	EGFP	6048.9	7621.9	6048.9	7621.9	0.33343	1.2372e+06	1.3114e+06	1.3736	0.91522	0.084778	0.16956	0.83431	True
EGFP_g5	EGFP	5849.8	7216.8	5849.8	7216.8	0.30293	9.344e+05	1.2424e+06	1.2264	0.88998	0.11002	0.22003	0.83431	True
EGFP_g1	EGFP	5155.9	6381.1	5155.9	6381.1	0.30751	7.5046e+05	1.0133e+06	1.217	0.8882	0.1118	0.22359	0.83431	True
AAVS1_g8	AAVS1	5720.2	4403.3	5720.2	4403.3	-0.3774	8.6707e+05	1.1983e+06	1.203	0.11449	0.88551	0.22898	0.83431	False
CCR5_g9	CCR5	2080.7	1519	2080.7	1519	-0.45366	1.5773e+05	2.3446e+05	1.16	0.12303	0.87697	0.24605	0.83431	False
SOX9_g3	SOX9	1693.5	1229.8	1693.5	1229.8	-0.46122	1.0749e+05	1.6826e+05	1.1304	0.12915	0.87085	0.2583	0.83431	False
EGFP_g4	EGFP	3515.8	4332.5	3515.8	4332.5	0.30128	3.3353e+05	5.463e+05	1.105	0.86542	0.13458	0.26916	0.83431	True
LRIG1_g5	LRIG1	7048.5	5651.4	7048.5	5651.4	-0.31865	9.7593e+05	1.6787e+06	1.0783	0.14045	0.85955	0.2809	0.83431	False
LRIG1_g1	LRIG1	4131.7	3295.5	4131.7	3295.5	-0.32617	3.4965e+05	7.0883e+05	0.99326	0.16029	0.83971	0.32058	0.83431	False
PROM1_g2	PROM1	5340.6	4313	5340.6	4313	-0.30825	5.28e+05	1.0726e+06	0.99224	0.16054	0.83946	0.32108	0.83431	False
ROSA26_g6	ROSA26	5308.4	4319.1	5308.4	4319.1	-0.29749	4.8938e+05	1.0622e+06	0.95994	0.16854	0.83146	0.33709	0.83431	False
ROSA26_g7	ROSA26	4678.1	3785.9	4678.1	3785.9	-0.30521	3.9801e+05	8.6615e+05	0.95866	0.16886	0.83114	0.33773	0.83431	False
PROM1_g1	PROM1	3515.8	2829.4	3515.8	2829.4	-0.31327	2.3558e+05	5.463e+05	0.92869	0.17652	0.82348	0.35305	0.83431	False
LRIG1_g2	LRIG1	2450.9	1958.2	2450.9	1958.2	-0.3236	1.2135e+05	3.0529e+05	0.89164	0.18629	0.81371	0.37259	0.83431	False
ROSA26_g5	ROSA26	3515	2867.2	3515	2867.2	-0.29377	2.0979e+05	5.4609e+05	0.87654	0.19037	0.80963	0.38073	0.83431	False
CCR5_g6	CCR5	3011.7	2441.4	3011.7	2441.4	-0.30277	1.6264e+05	4.2562e+05	0.87421	0.191	0.809	0.382	0.83431	False
AAVS1_g3	AAVS1	2977	2445.1	2977	2445.1	-0.28388	1.4148e+05	4.1773e+05	0.82303	0.20525	0.79475	0.41049	0.83431	False
AAVS1_g9	AAVS1	1406.3	1116.4	1406.3	1116.4	-0.33283	42032	1.2474e+05	0.82102	0.20582	0.79418	0.41163	0.83431	False
CTRL0003_g3	CTRL	9733.3	8395.4	9733.3	8395.4	-0.2133	8.9489e+05	2.8269e+06	0.7957	0.2131	0.7869	0.42621	0.83431	False
AAVS1_g1	AAVS1	4497.7	3801.8	4497.7	3801.8	-0.24244	2.4213e+05	8.1287e+05	0.77184	0.2201	0.7799	0.44021	0.83431	False
CCR5_g2	CCR5	4271.5	3611.5	4271.5	3611.5	-0.24209	2.1782e+05	7.4792e+05	0.76319	0.22268	0.77732	0.44535	0.83431	False
CCR5_g8	CCR5	3475.1	2917.2	3475.1	2917.2	-0.25239	1.5563e+05	5.3614e+05	0.76194	0.22305	0.77695	0.4461	0.83431	False
ROSA26_g3	ROSA26	5734.6	4913.3	5734.6	4913.3	-0.22295	3.3724e+05	1.2032e+06	0.74873	0.22701	0.77299	0.45402	0.83431	False
CCR5_g4	CCR5	1975.6	1647.1	1975.6	1647.1	-0.26222	53958	2.1568e+05	0.70738	0.23966	0.76034	0.47933	0.83431	False
ROSA26_g4	ROSA26	4149.5	3552.9	4149.5	3552.9	-0.22388	1.7796e+05	7.1376e+05	0.70616	0.24004	0.75996	0.48009	0.83431	False
CTRL0007_g7	CTRL	3886	3330.8	3886	3330.8	-0.22234	1.5411e+05	6.4207e+05	0.69285	0.2442	0.7558	0.4884	0.83431	False
CCR5_g7	CCR5	5586.3	4855.9	5586.3	4855.9	-0.2021	2.6671e+05	1.1533e+06	0.68008	0.24823	0.75177	0.49646	0.83431	False
CTRL0001_g1	CTRL	3116.8	2664.7	3116.8	2664.7	-0.22602	1.022e+05	4.4982e+05	0.6741	0.25013	0.74987	0.50025	0.83431	False
ROSA26_g1	ROSA26	11452	10174	11452	10174	-0.17068	8.1648e+05	3.6761e+06	0.66649	0.25255	0.74745	0.5051	0.83431	False
PROM1_g6	PROM1	8361.7	7376.6	8361.7	7376.6	-0.1808	4.8513e+05	2.212e+06	0.6623	0.25389	0.74611	0.50778	0.83431	False
AAVS1_g5	AAVS1	3318.4	2872.1	3318.4	2872.1	-0.20832	99600	4.9768e+05	0.63266	0.26348	0.73652	0.52695	0.83431	False
AAVS1_g2	AAVS1	3729.3	3280.8	3729.3	3280.8	-0.18479	1.0056e+05	6.0081e+05	0.57859	0.28143	0.71857	0.56287	0.83431	False
CCR5_g3	CCR5	2145.1	1858.2	2145.1	1858.2	-0.20701	41146	2.4626e+05	0.57808	0.2816	0.7184	0.56321	0.83431	False
CCR5_g5	CCR5	2828.7	2470.7	2828.7	2470.7	-0.19518	64102	3.847e+05	0.57729	0.28187	0.71813	0.56374	0.83431	False
LRIG1_g6	LRIG1	2495.8	2179.1	2495.8	2179.1	-0.1957	50155	3.1436e+05	0.56489	0.28607	0.71393	0.57215	0.83431	False
CCR5_g10	CCR5	3120.2	2747.6	3120.2	2747.6	-0.18337	69388	4.5061e+05	0.55496	0.28946	0.71054	0.57892	0.83431	False
PROM1_g4	PROM1	6007.4	5376.9	6007.4	5376.9	-0.15992	1.9872e+05	1.2969e+06	0.55359	0.28993	0.71007	0.57986	0.83431	False
AAVS1_g10	AAVS1	1838.4	1595.9	1838.4	1595.9	-0.20397	29405	1.9205e+05	0.55339	0.29	0.71	0.57999	0.83431	False
LRIG1_g3	LRIG1	2561	2260.8	2561	2260.8	-0.1798	45061	3.2771e+05	0.52442	0.29999	0.70001	0.59999	0.83431	False
CCR5_g1	CCR5	2606.8	2310.8	2606.8	2310.8	-0.17377	43787	3.372e+05	0.50962	0.30516	0.69484	0.61032	0.83431	False
CTRL0006_g6	CTRL	6462.3	5908.9	6462.3	5908.9	-0.12914	1.5313e+05	1.4591e+06	0.45814	0.32342	0.67658	0.64685	0.83431	False
AAVS1_g4	AAVS1	1817.2	1622.7	1817.2	1622.7	-0.16321	18912	1.885e+05	0.44798	0.32708	0.67292	0.65417	0.83431	False
CTRL0009_g9	CTRL	3199	2892.8	3199	2892.8	-0.14507	46856	4.691e+05	0.44696	0.32745	0.67255	0.65491	0.83431	False
CTRL0008_g8	CTRL	3539.5	3212.5	3539.5	3212.5	-0.13982	53474	5.5226e+05	0.44006	0.32995	0.67005	0.65989	0.83431	False
CTRL0010_g10	CTRL	5337.2	4895	5337.2	4895	-0.12476	97790	1.0715e+06	0.42724	0.3346	0.6654	0.66921	0.83431	False
ROSA26_g2	ROSA26	4794.2	4398.4	4794.2	4398.4	-0.12428	78320	9.0109e+05	0.41693	0.33836	0.66164	0.67673	0.83431	False
PROM1_g3	PROM1	3449.7	3149	3449.7	3149	-0.13152	45202	5.2983e+05	0.41307	0.33978	0.66022	0.67955	0.83431	False
CTRL0002_g2	CTRL	3050.7	2779.4	3050.7	2779.4	-0.13434	36812	4.3454e+05	0.41162	0.34031	0.65969	0.68062	0.83431	False
ROSA26_g9	ROSA26	1469	1328.7	1469	1328.7	-0.14475	9847	1.3382e+05	0.38368	0.35061	0.64939	0.70121	0.84591	False
CTRL0005_g5	CTRL	3444.6	3207.6	3444.6	3207.6	-0.10282	28090	5.2857e+05	0.32602	0.37221	0.62779	0.74441	0.87196	False
PROM1_g5	PROM1	3411.6	3188.1	3411.6	3188.1	-0.097725	24977	5.2042e+05	0.30982	0.37835	0.62165	0.7567	0.87196	False
SOX9_g5	SOX9	4077.5	4335	4077.5	4335	0.088324	33151	6.9388e+05	0.30912	0.62138	0.37862	0.75723	0.87196	True
LRIG1_g4	LRIG1	4346.9	4109.3	4346.9	4109.3	-0.081085	28233	7.6934e+05	0.27092	0.39323	0.60677	0.78646	0.8921	False
CTRL0004_g4	CTRL	1632.5	1537.3	1632.5	1537.3	-0.086634	4532.1	1.5861e+05	0.23909	0.40552	0.59448	0.81104	0.90645	False
AAVS1_g7	AAVS1	2481.4	2362.1	2481.4	2362.1	-0.071056	7116.4	3.1144e+05	0.21378	0.41536	0.58464	0.83072	0.91499	False
ROSA26_g8	ROSA26	2878.7	2790.3	2878.7	2790.3	-0.04497	3905.3	3.9572e+05	0.14049	0.44413	0.55587	0.88827	0.96131	False
AAVS1_g6	AAVS1	1326.7	1283.5	1326.7	1283.5	-0.047669	931.05	1.1356e+05	0.12811	0.44903	0.55097	0.89806	0.96131	False
SOX9_g6	SOX9	5471.1	5579.5	5471.1	5579.5	0.028292	5872.1	1.1152e+06	0.10262	0.54087	0.45913	0.91826	0.96928	True
ROSA26_g10	ROSA26	3326.9	3355.2	3326.9	3355.2	0.012244	402.27	4.9973e+05	0.040124	0.516	0.484	0.968	0.99719	True
SOX9_g4	SOX9	2091.7	2085.1	2091.7	2085.1	-0.0045283	21.505	2.3646e+05	0.013497	0.49462	0.50538	0.98923	0.99719	False
SOX9_g2	SOX9	3044.8	3050.2	3044.8	3050.2	0.0025808	14.87	4.3318e+05	0.0082859	0.5033	0.4967	0.99339	0.99719	True
SOX9_g1	SOX9	4070.7	4067.8	4070.7	4067.8	-0.0010381	4.2886	6.9202e+05	0.0035212	0.4986	0.5014	0.99719	0.99719	False
