sgrna	Gene	control_count	treatment_count	control_mean	treat_mean	LFC	control_var	adj_var	score	p.low	p.high	p.twosided	FDR	high_in_treatment
mKate2_g6	mKate2	3038.9	5658.6	3038.9	5658.6	0.89666	3.4313e+06	2.1548e+06	1.7846	0.96211	0.037892	0.075784	0.93469	True
mKate2_g1	mKate2	1731.8	3270	1731.8	3270	0.91662	1.183e+06	7.7569e+05	1.7465	0.95862	0.041383	0.082766	0.93469	True
mKate2_g5	mKate2	1605.4	2985.2	1605.4	2985.2	0.8945	9.5195e+05	6.7589e+05	1.6783	0.95214	0.047856	0.095713	0.93469	True
mKate2_g2	mKate2	2020.4	3708.3	2020.4	3708.3	0.87578	1.4245e+06	1.0264e+06	1.6661	0.95102	0.04898	0.097959	0.93469	True
KRT20_g3	KRT20	1871.3	3421.2	1871.3	3421.2	0.87009	1.201e+06	8.9292e+05	1.6401	0.94828	0.05172	0.10344	0.93469	True
KRT20_g6	KRT20	1558.3	2832.8	1558.3	2832.8	0.86187	8.1223e+05	6.4032e+05	1.5928	0.94293	0.057074	0.11415	0.93469	True
mKate2_g3	mKate2	2038.7	3537.2	2038.7	3537.2	0.79463	1.1227e+06	1.0433e+06	1.467	0.92714	0.07286	0.14572	0.93469	True
KRT20_g5	KRT20	3794.1	6283.3	3794.1	6283.3	0.72762	3.0981e+06	3.2253e+06	1.386	0.91567	0.084329	0.16866	0.93469	True
KRT20_g2	KRT20	2687.5	4415.1	2687.5	4415.1	0.71595	1.4922e+06	1.7236e+06	1.3159	0.90394	0.096061	0.19212	0.93469	True
KRT20_g1	KRT20	2269	3437.6	2269	3437.6	0.59915	6.8285e+05	1.2672e+06	1.0381	0.84705	0.15295	0.30591	0.93469	True
EGFP_g3	EGFP	3406.9	4963.6	3406.9	4963.6	0.54278	1.2116e+06	2.6523e+06	0.95583	0.82727	0.17273	0.34545	0.93469	True
KRT20_g4	KRT20	1174.6	1701.8	1174.6	1701.8	0.53452	1.3897e+05	3.8323e+05	0.85164	0.79693	0.20307	0.40615	0.93469	True
EGFP_g2	EGFP	6226.1	8239.4	6226.1	8239.4	0.40415	2.0267e+06	7.935e+06	0.71472	0.75935	0.24065	0.4813	0.93469	True
mKate2_g4	mKate2	2299.5	2984	2299.5	2984	0.3758	2.3429e+05	1.2983e+06	0.60076	0.7199	0.2801	0.56021	0.93469	True
EGFP_g6	EGFP	6676.1	8300.4	6676.1	8300.4	0.31413	1.3192e+06	9.008e+06	0.54119	0.70192	0.29808	0.59616	0.93469	True
EGFP_g1	EGFP	5307	6532.9	5307	6532.9	0.29978	7.5143e+05	5.9356e+06	0.50319	0.688	0.312	0.624	0.93469	True
EGFP_g5	EGFP	6021.2	7361.6	6021.2	7361.6	0.28992	8.983e+05	7.4667e+06	0.49053	0.68376	0.31624	0.63248	0.93469	True
ROSA26_g7	ROSA26	4815.2	3851.3	4815.2	3851.3	-0.32217	4.6455e+05	4.9739e+06	0.46114	0.32235	0.67765	0.6447	0.93469	False
SOX9_g3	SOX9	1743.1	1401.8	1743.1	1401.8	-0.31425	58270	7.8493e+05	0.42991	0.33363	0.66637	0.66726	0.93469	False
ROSA26_g3	ROSA26	5902.6	4882.7	5902.6	4882.7	-0.27362	5.2009e+05	7.2015e+06	0.40482	0.34281	0.65719	0.68561	0.93469	False
LRIG1_g2	LRIG1	2522.7	2072.2	2522.7	2072.2	-0.28371	1.015e+05	1.5364e+06	0.40046	0.34441	0.65559	0.68882	0.93469	False
CCR5_g2	CCR5	4396.6	3661.4	4396.6	3661.4	-0.26393	2.7026e+05	4.2161e+06	0.38623	0.34966	0.65034	0.69933	0.93469	False
ROSA26_g6	ROSA26	5464	4585	5464	4585	-0.25298	3.8629e+05	6.2585e+06	0.37642	0.3533	0.6467	0.7066	0.93469	False
CCR5_g1	CCR5	2683.2	2240.9	2683.2	2240.9	-0.25973	97780	1.7185e+06	0.37237	0.35481	0.64519	0.70962	0.93469	False
CCR5_g4	CCR5	2033.5	1695.9	2033.5	1695.9	-0.26175	56979	1.0385e+06	0.37078	0.3554	0.6446	0.7108	0.93469	False
SOX9_g2	SOX9	3134	2642.9	3134	2642.9	-0.24577	1.2056e+05	2.2789e+06	0.35748	0.36037	0.63963	0.72073	0.93469	False
AAVS1_g5	AAVS1	3415.6	2914.9	3415.6	2914.9	-0.22866	1.2539e+05	2.6646e+06	0.33715	0.368	0.632	0.736	0.93469	False
PROM1_g1	PROM1	3618.8	3091.8	3618.8	3091.8	-0.22699	1.3886e+05	2.9597e+06	0.33584	0.3685	0.6315	0.73699	0.93469	False
CCR5_g6	CCR5	3100	2650	3100	2650	-0.2262	1.0125e+05	2.2341e+06	0.3327	0.36968	0.63032	0.73936	0.93469	False
ROSA26_g5	ROSA26	3617.9	3098.9	3617.9	3098.9	-0.22336	1.3472e+05	2.9584e+06	0.33119	0.37025	0.62975	0.7405	0.93469	False
EGFP_g4	EGFP	3618.8	4187.7	3618.8	4187.7	0.21058	1.6181e+05	2.9597e+06	0.33067	0.62287	0.37713	0.75425	0.93469	True
PROM1_g5	PROM1	3511.6	3008.6	3511.6	3008.6	-0.22294	1.2648e+05	2.8022e+06	0.33023	0.37061	0.62939	0.74122	0.93469	False
CCR5_g8	CCR5	3577	3067.2	3577	3067.2	-0.22174	1.2992e+05	2.8978e+06	0.32894	0.3711	0.6289	0.7422	0.93469	False
LRIG1_g5	LRIG1	7255.1	6257.5	7255.1	6257.5	-0.21337	4.9757e+05	1.0478e+07	0.32891	0.37111	0.62889	0.74222	0.93469	False
AAVS1_g8	AAVS1	5887.8	5085.5	5887.8	5085.5	-0.2113	3.2185e+05	7.1687e+06	0.32263	0.37349	0.62651	0.74698	0.93469	False
CCR5_g5	CCR5	2911.6	2503.5	2911.6	2503.5	-0.21781	83294	1.9936e+06	0.32129	0.374	0.626	0.74799	0.93469	False
ROSA26_g4	ROSA26	4271.1	3688.4	4271.1	3688.4	-0.21155	1.6976e+05	3.9998e+06	0.31818	0.37517	0.62483	0.75035	0.93469	False
AAVS1_g3	AAVS1	3064.2	2641.8	3064.2	2641.8	-0.21394	89233	2.1875e+06	0.31698	0.37563	0.62437	0.75126	0.93469	False
CCR5_g7	CCR5	5750	5008.1	5750	5008.1	-0.19926	2.7519e+05	6.8667e+06	0.30602	0.3798	0.6202	0.75959	0.93469	False
CTRL0006_g6	CTRL	6651.6	5803.9	6651.6	5803.9	-0.19665	3.5932e+05	8.9482e+06	0.30462	0.38033	0.61967	0.76066	0.93469	False
ROSA26_g2	ROSA26	4934.7	4304.9	4934.7	4304.9	-0.19693	1.9831e+05	5.2004e+06	0.30078	0.38179	0.61821	0.76358	0.93469	False
SOX9_g1	SOX9	4190	3677.8	4190	3677.8	-0.18803	1.3114e+05	3.8629e+06	0.2869	0.38709	0.61291	0.77419	0.93469	False
AAVS1_g2	AAVS1	3838.6	3373.1	3838.6	3373.1	-0.18643	1.0832e+05	3.2944e+06	0.28382	0.38827	0.61173	0.77655	0.93469	False
SOX9_g4	SOX9	2153	1892.8	2153	1892.8	-0.18569	33836	1.152e+06	0.27782	0.39058	0.60942	0.78115	0.93469	False
CCR5_g9	CCR5	2141.6	1883.5	2141.6	1883.5	-0.18524	33328	1.141e+06	0.27721	0.39081	0.60919	0.78162	0.93469	False
AAVS1_g1	AAVS1	4629.5	4093.9	4629.5	4093.9	-0.17732	1.434e+05	4.6307e+06	0.27366	0.39217	0.60783	0.78434	0.93469	False
PROM1_g6	PROM1	8606.7	7644	8606.7	7644	-0.1711	4.6335e+05	1.4294e+07	0.27261	0.39258	0.60742	0.78516	0.93469	False
CTRL0005_g5	CTRL	3545.6	3138.7	3545.6	3138.7	-0.17579	82765	2.8517e+06	0.26899	0.39397	0.60603	0.78794	0.93469	False
PROM1_g4	PROM1	6183.4	5499.2	6183.4	5499.2	-0.16915	2.3405e+05	7.8363e+06	0.2657	0.39524	0.60476	0.79047	0.93469	False
AAVS1_g7	AAVS1	2554.1	2264.4	2554.1	2264.4	-0.17363	41970	1.5713e+06	0.2636	0.39605	0.60395	0.79209	0.93469	False
CTRL0002_g2	CTRL	3140.1	2787.1	3140.1	2787.1	-0.17198	62299	2.2869e+06	0.26295	0.39629	0.60371	0.79259	0.93469	False
CTRL0003_g3	CTRL	10018	8949.7	10018	8949.7	-0.16274	5.7115e+05	1.884e+07	0.26264	0.39641	0.60359	0.79283	0.93469	False
ROSA26_g1	ROSA26	11788	10542	11788	10542	-0.16106	7.7536e+05	2.5321e+07	0.26244	0.39649	0.60351	0.79298	0.93469	False
LRIG1_g1	LRIG1	4252.8	3790.4	4252.8	3790.4	-0.16602	1.0691e+05	3.9687e+06	0.25758	0.39837	0.60163	0.79673	0.93469	False
AAVS1_g10	AAVS1	1892.2	1686.6	1892.2	1686.6	-0.16592	21154	9.1115e+05	0.25212	0.40047	0.59953	0.80095	0.93469	False
LRIG1_g6	LRIG1	2568.9	2294.8	2568.9	2294.8	-0.1627	37559	1.5879e+06	0.24948	0.40149	0.59851	0.80299	0.93469	False
ROSA26_g8	ROSA26	2963.1	2653.5	2963.1	2653.5	-0.15914	47920	2.0581e+06	0.24568	0.40297	0.59703	0.80593	0.93469	False
CCR5_g10	CCR5	3211.6	2893.8	3211.6	2893.8	-0.15029	50509	2.3824e+06	0.23442	0.40733	0.59267	0.81466	0.93469	False
CTRL0009_g9	CTRL	3292.7	2975.8	3292.7	2975.8	-0.14594	50209	2.4929e+06	0.22874	0.40953	0.59047	0.81907	0.93469	False
CCR5_g3	CCR5	2207.9	2004.2	2207.9	2004.2	-0.1396	20753	1.2059e+06	0.21882	0.4134	0.5866	0.82679	0.93469	False
PROM1_g2	PROM1	5497.1	5014	5497.1	5014	-0.1327	1.1671e+05	6.3277e+06	0.21366	0.41541	0.58459	0.83081	0.93469	False
PROM1_g3	PROM1	3550.8	3248.9	3550.8	3248.9	-0.12816	45576	2.8594e+06	0.20507	0.41876	0.58124	0.83752	0.93469	False
LRIG1_g3	LRIG1	2636.1	2422.6	2636.1	2422.6	-0.12178	22784	1.6641e+06	0.19565	0.42244	0.57756	0.84488	0.93469	False
AAVS1_g6	AAVS1	1365.6	1259.9	1365.6	1259.9	-0.11605	5577.7	5.0381e+05	0.18853	0.42523	0.57477	0.85046	0.93469	False
ROSA26_g9	ROSA26	1512.1	1395.9	1512.1	1395.9	-0.11524	6746.5	6.0624e+05	0.18725	0.42573	0.57427	0.85146	0.93469	False
CTRL0001_g1	CTRL	3208.1	2962.9	3208.1	2962.9	-0.11467	30060	2.3777e+06	0.18638	0.42607	0.57393	0.85215	0.93469	False
CTRL0007_g7	CTRL	3999.9	3696.6	3999.9	3696.6	-0.11373	45989	3.5503e+06	0.1856	0.42638	0.57362	0.85276	0.93469	False
SOX9_g5	SOX9	4197	3893.5	4197	3893.5	-0.10825	46041	3.8746e+06	0.17809	0.42933	0.57067	0.85865	0.93469	False
AAVS1_g9	AAVS1	1447.5	1349	1447.5	1349	-0.10161	4852.4	5.6007e+05	0.16982	0.43258	0.56742	0.86515	0.93469	False
CTRL0008_g8	CTRL	3643.2	3413	3643.2	3413	-0.094165	26510	2.9961e+06	0.1582	0.43715	0.56285	0.8743	0.93469	False
CTRL0004_g4	CTRL	1680.4	1577.6	1680.4	1577.6	-0.091012	5283	7.3434e+05	0.15541	0.43825	0.56175	0.87649	0.93469	False
CTRL0010_g10	CTRL	5493.6	5182.7	5493.6	5182.7	-0.084026	48323	6.3204e+06	0.14401	0.44275	0.55725	0.8855	0.93469	False
AAVS1_g4	AAVS1	1870.4	1786.2	1870.4	1786.2	-0.066468	3550.3	8.9217e+05	0.12218	0.45138	0.54862	0.90276	0.93721	False
LRIG1_g4	LRIG1	4474.3	4290.8	4474.3	4290.8	-0.060378	16823	4.3524e+06	0.10982	0.45627	0.54373	0.91255	0.93721	False
SOX9_g6	SOX9	5631.4	5508.6	5631.4	5508.6	-0.03181	7543.7	6.6114e+06	0.06662	0.47344	0.52656	0.94688	0.95951	False
ROSA26_g10	ROSA26	3424.4	3389.5	3424.4	3389.5	-0.014745	606.58	2.677e+06	0.0449	0.48209	0.51791	0.96419	0.96419	False
