sgrna	Gene	control_count	treatment_count	control_mean	treat_mean	LFC	control_var	adj_var	score	p.low	p.high	p.twosided	FDR	high_in_treatment
EGFP_g3	EGFP	229.27	2508.8	229.27	2508.8	3.4462	2.5981e+06	7.2697e+05	2.6735	0.99381	0.0061931	0.012386	0.25453	True
EGFP_g2	EGFP	364.82	4102.9	364.82	4102.9	3.4878	6.9864e+06	2.3038e+06	2.4628	0.98841	0.011586	0.023172	0.25453	True
EGFP_g4	EGFP	221.99	2212.4	221.99	2212.4	3.3112	1.9808e+06	6.7101e+05	2.4298	0.98755	0.012447	0.024895	0.25453	True
EGFP_g1	EGFP	299.32	3137.1	299.32	3137.1	3.3853	4.0265e+06	1.4094e+06	2.3904	0.98596	0.014037	0.028075	0.25453	True
EGFP_g5	EGFP	360.27	3502.3	360.27	3502.3	3.2776	4.9362e+06	2.2331e+06	2.1026	0.97018	0.029819	0.059639	0.25453	True
ROSA26_g1	ROSA26	4997.4	3440.1	4997.4	3440.1	-0.53859	1.2126e+06	1.5312e+09	1.5266	0.063432	0.93657	0.12686	0.25453	False
CTRL0003_g3	CTRL	4451.6	3053.8	4451.6	3053.8	-0.54355	9.7683e+05	1.1489e+09	1.5155	0.064822	0.93518	0.12964	0.25453	False
ROSA26_g6	ROSA26	2160.7	1393.1	2160.7	1393.1	-0.6328	2.9459e+05	1.9088e+08	1.4674	0.071132	0.92887	0.14226	0.25453	False
PROM1_g6	PROM1	3630.9	2615.3	3630.9	2615.3	-0.47319	5.1572e+05	6.9267e+08	1.4673	0.071141	0.92886	0.14228	0.25453	False
ROSA26_g4	ROSA26	1912.4	1232.2	1912.4	1232.2	-0.63372	2.3132e+05	1.4095e+08	1.4542	0.072947	0.92705	0.14589	0.25453	False
PROM1_g2	PROM1	2537.4	1742.8	2537.4	1742.8	-0.54165	3.1566e+05	2.8448e+08	1.452	0.073249	0.92675	0.1465	0.25453	False
SOX9_g6	SOX9	1891.4	1227.7	1891.4	1227.7	-0.62306	2.2024e+05	1.3715e+08	1.449	0.073662	0.92634	0.14732	0.25453	False
CCR5_g6	CCR5	1172.7	689.36	1172.7	689.36	-0.76566	1.1681e+05	4.1848e+07	1.4488	0.073692	0.92631	0.14738	0.25453	False
CCR5_g7	CCR5	2564.7	1783.9	2564.7	1783.9	-0.5235	3.0481e+05	2.9214e+08	1.4465	0.074012	0.92599	0.14802	0.25453	False
LRIG1_g1	LRIG1	1841.4	1210	1841.4	1210	-0.6054	1.9934e+05	1.2832e+08	1.4396	0.074997	0.925	0.14999	0.25453	False
LRIG1_g3	LRIG1	1261	765.95	1261	765.95	-0.71845	1.2251e+05	5.0109e+07	1.4394	0.075025	0.92498	0.15005	0.25453	False
LRIG1_g5	LRIG1	3047.8	2262.3	3047.8	2262.3	-0.42977	3.0845e+05	4.4844e+08	1.4315	0.076139	0.92386	0.15228	0.25453	False
ROSA26_g7	ROSA26	1609.4	1044.6	1609.4	1044.6	-0.62311	1.5951e+05	9.1845e+07	1.4311	0.076204	0.9238	0.15241	0.25453	False
ROSA26_g3	ROSA26	2495.5	1778.3	2495.5	1778.3	-0.48858	2.5718e+05	2.7297e+08	1.4306	0.076278	0.92372	0.15256	0.25453	False
PROM1_g1	PROM1	1662.2	1094.5	1662.2	1094.5	-0.6023	1.611e+05	9.9506e+07	1.427	0.076797	0.9232	0.15359	0.25453	False
AAVS1_g8	AAVS1	1812.3	1222.2	1812.3	1222.2	-0.56795	1.741e+05	1.2334e+08	1.4239	0.07724	0.92276	0.15448	0.25453	False
LRIG1_g6	LRIG1	1156.3	710.45	1156.3	710.45	-0.70197	99406	4.0412e+07	1.4237	0.077267	0.92273	0.15453	0.25453	False
ROSA26_g8	ROSA26	1428.4	918.04	1428.4	918.04	-0.63717	1.3021e+05	6.8289e+07	1.423	0.077369	0.92263	0.15474	0.25453	False
PROM1_g4	PROM1	2646.6	1956	2646.6	1956	-0.43605	2.3846e+05	3.1585e+08	1.4177	0.078134	0.92187	0.15627	0.25453	False
PROM1_g3	PROM1	1587.6	1065.7	1587.6	1065.7	-0.57461	1.3619e+05	8.8782e+07	1.4115	0.079053	0.92095	0.15811	0.25453	False
CTRL0006_g6	CTRL	2713.9	2067	2713.9	2067	-0.39268	2.0925e+05	3.3618e+08	1.4044	0.080098	0.9199	0.1602	0.25453	False
CTRL0010_g10	CTRL	2490.1	1879.4	2490.1	1879.4	-0.40576	1.8648e+05	2.7149e+08	1.3994	0.080845	0.91915	0.16169	0.25453	False
SOX9_g3	SOX9	416.68	218.69	416.68	218.69	-0.92696	19601	3.2045e+06	1.3979	0.081067	0.91893	0.16213	0.25453	False
ROSA26_g2	ROSA26	2043.4	1499.7	2043.4	1499.7	-0.44601	1.4778e+05	1.6616e+08	1.3918	0.081986	0.91801	0.16397	0.25453	False
CCR5_g5	CCR5	1249.1	828.12	1249.1	828.12	-0.59243	88626	4.895e+07	1.3912	0.082084	0.91792	0.16417	0.25453	False
CCR5_g2	CCR5	1713.1	1216.6	1713.1	1216.6	-0.49337	1.2324e+05	1.0725e+08	1.3896	0.082333	0.91767	0.16467	0.25453	False
AAVS1_g1	AAVS1	1738.6	1244.4	1738.6	1244.4	-0.48214	1.2211e+05	1.1126e+08	1.387	0.082722	0.91728	0.16544	0.25453	False
PROM1_g5	PROM1	1449.3	1000.2	1449.3	1000.2	-0.53463	1.0085e+05	7.0801e+07	1.3861	0.082855	0.91714	0.16571	0.25453	False
LRIG1_g4	LRIG1	2029.7	1505.3	2029.7	1505.3	-0.43102	1.3753e+05	1.6342e+08	1.3854	0.082964	0.91704	0.16593	0.25453	False
CCR5_g8	CCR5	1573.9	1110.1	1573.9	1110.1	-0.50332	1.0758e+05	8.6899e+07	1.3836	0.083233	0.91677	0.16647	0.25453	False
CTRL0008_g8	CTRL	1653.1	1181.1	1653.1	1181.1	-0.48464	1.1137e+05	9.8159e+07	1.3822	0.08346	0.91654	0.16692	0.25453	False
CTRL0007_g7	CTRL	1781.4	1301	1781.4	1301	-0.45304	1.1536e+05	1.1818e+08	1.3787	0.083987	0.91601	0.16797	0.25453	False
AAVS1_g5	AAVS1	1302.8	891.39	1302.8	891.39	-0.54698	84631	5.4341e+07	1.3787	0.083992	0.91601	0.16798	0.25453	False
CCR5_g4	CCR5	808.8	502.87	808.8	502.87	-0.68452	46797	1.6634e+07	1.3776	0.084171	0.91583	0.16834	0.25453	False
CCR5_g1	CCR5	1074.5	710.45	1074.5	710.45	-0.59611	66249	3.3675e+07	1.3756	0.084469	0.91553	0.16894	0.25453	False
AAVS1_g2	AAVS1	1611.2	1162.3	1611.2	1162.3	-0.47089	1.0079e+05	9.2103e+07	1.374	0.08472	0.91528	0.16944	0.25453	False
CTRL0002_g2	CTRL	1429.3	1005.7	1429.3	1005.7	-0.50661	89692	6.8397e+07	1.3739	0.084737	0.91526	0.16947	0.25453	False
CCR5_g3	CCR5	1140	765.95	1140	765.95	-0.57303	69939	3.9005e+07	1.3735	0.084797	0.9152	0.16959	0.25453	False
CCR5_g10	CCR5	1391.1	974.65	1391.1	974.65	-0.51278	86698	6.3946e+07	1.3732	0.084852	0.91515	0.1697	0.25453	False
CTRL0001_g1	CTRL	1472.9	1057.9	1472.9	1057.9	-0.4771	86126	7.3705e+07	1.3661	0.085956	0.91404	0.17191	0.25453	False
LRIG1_g2	LRIG1	1029.9	687.14	1029.9	687.14	-0.5831	58734	3.0311e+07	1.3659	0.085989	0.91401	0.17198	0.25453	False
ROSA26_g5	ROSA26	1551.2	1132.3	1551.2	1132.3	-0.45379	87738	8.3814e+07	1.3631	0.086423	0.91358	0.17285	0.25453	False
CTRL0005_g5	CTRL	1544.8	1127.8	1544.8	1127.8	-0.45352	86932	8.2962e+07	1.3625	0.086513	0.91349	0.17303	0.25453	False
AAVS1_g7	AAVS1	987.11	657.17	987.11	657.17	-0.58622	54433	2.7282e+07	1.3623	0.086554	0.91345	0.17311	0.25453	False
AAVS1_g3	AAVS1	1119.9	765.95	1119.9	765.95	-0.5475	62654	3.7327e+07	1.3617	0.08664	0.91336	0.17328	0.25453	False
AAVS1_g10	AAVS1	850.65	561.7	850.65	561.7	-0.59789	41745	1.8854e+07	1.35	0.088512	0.91149	0.17702	0.25453	False
CTRL0009_g9	CTRL	1542.1	1190	1542.1	1190	-0.37363	61979	8.2598e+07	1.3315	0.091505	0.9085	0.18301	0.25453	False
ROSA26_g10	ROSA26	1479.3	1142.3	1479.3	1142.3	-0.37273	56796	7.4499e+07	1.3263	0.092365	0.90764	0.18473	0.25453	False
SOX9_g5	SOX9	664.14	438.48	664.14	438.48	-0.59786	25461	1.0197e+07	1.322	0.093081	0.90692	0.18616	0.25453	False
CTRL0004_g4	CTRL	773.32	542.83	773.32	542.83	-0.50977	26562	1.4881e+07	1.3047	0.09599	0.90401	0.19198	0.25453	False
AAVS1_g9	AAVS1	622.29	427.38	622.29	427.38	-0.54101	18995	8.6756e+06	1.2922	0.098143	0.90186	0.19629	0.25453	False
CCR5_g9	CCR5	893.41	670.49	893.41	670.49	-0.41357	24846	2.1296e+07	1.2834	0.09968	0.90032	0.19936	0.25453	False
SOX9_g4	SOX9	465.81	315.26	465.81	315.26	-0.56171	11332	4.2262e+06	1.2674	0.1025	0.8975	0.205	0.25453	False
AAVS1_g6	AAVS1	642.31	464.01	642.31	464.01	-0.46823	15894	9.3851e+06	1.2668	0.10262	0.89738	0.20524	0.25453	False
ROSA26_g9	ROSA26	672.33	491.77	672.33	491.77	-0.45041	16302	1.0512e+07	1.2649	0.10295	0.89705	0.2059	0.25453	False
SOX9_g2	SOX9	478.55	329.69	478.55	329.69	-0.53617	11078	4.519e+06	1.2602	0.1038	0.8962	0.2076	0.25453	False
AAVS1_g4	AAVS1	705.08	525.07	705.08	525.07	-0.42459	16202	1.183e+07	1.2601	0.10382	0.89618	0.20764	0.25453	False
SOX9_g1	SOX9	601.37	447.36	601.37	447.36	-0.42598	11859	7.9692e+06	1.242	0.10712	0.89288	0.21423	0.25844	False
mKate2_g4	mKate2	1100.8	948.01	1100.8	948.01	-0.21542	11678	3.5765e+07	1.2284	0.10964	0.89036	0.21929	0.2604	False
KRT20_g2	KRT20	478.55	2977.2	478.55	2977.2	2.6347	3.1217e+06	4.519e+06	1.1754	0.79643	0.20357	0.40715	0.44204	True
KRT20_g5	KRT20	638.67	3926.4	638.67	3926.4	2.6182	5.4044e+06	9.2536e+06	1.0808	0.7601	0.2399	0.47981	0.50646	True
KRT20_g3	KRT20	412.13	2319	412.13	2319	2.4894	1.818e+06	3.1183e+06	1.0798	0.76343	0.23657	0.47314	0.50646	True
KRT20_g4	KRT20	227.45	1100.1	227.45	1100.1	2.269	3.8075e+05	7.1273e+05	1.0337	0.75148	0.24852	0.49704	0.51746	True
KRT20_g6	KRT20	338.44	1687.3	338.44	1687.3	2.3144	9.0974e+05	1.912e+06	0.97551	0.72405	0.27595	0.5519	0.56682	True
KRT20_g1	KRT20	449.43	2007	449.43	2007	2.1564	1.213e+06	3.8669e+06	0.79209	0.63727	0.36273	0.72547	0.73514	True
EGFP_g6	EGFP	850.65	3663.3	850.65	3663.3	2.1052	3.9554e+06	1.8854e+07	0.64775	0.55238	0.44762	0.89525	0.89525	True
mKate2_g5	mKate2	798.79	842.55	798.79	842.55	0.076855	957.53	1.6128e+07	0.010897	0.1437	0.8563	0.2874	0.31656	True
mKate2_g2	mKate2	1022.6	1081.2	1022.6	1081.2	0.080345	1718.3	2.9782e+07	0.010742	0.13687	0.86313	0.27373	0.3121	True
mKate2_g3	mKate2	980.75	1034.6	980.75	1034.6	0.077038	1449.8	2.6847e+07	0.010393	0.13774	0.86226	0.27548	0.3121	True
mKate2_g1	mKate2	861.56	896.94	861.56	896.94	0.057994	625.88	1.9461e+07	0.0080201	0.13962	0.86038	0.27925	0.3121	True
mKate2_g6	mKate2	1536.6	1553	1536.6	1553	0.015286	134.13	8.1874e+07	0.0018101	0.1201	0.8799	0.2402	0.28085	True
