sgrna	Gene	control_count	treatment_count	control_mean	treat_mean	LFC	control_var	adj_var	score	p.low	p.high	p.twosided	FDR	high_in_treatment
mKate2_g2	mKate2	102.51	6210.8	102.51	6210.8	5.9071	1.8656e+07	96011	19.713	1	1.3173e-86	2.6346e-86	2.0023e-84	True
mKate2_g1	mKate2	89.819	4933.8	89.819	4933.8	5.7638	1.1732e+07	69215	18.412	1	8.3158e-76	1.6632e-75	4.9557e-74	True
mKate2_g3	mKate2	99.582	5601	99.582	5601	5.7995	1.5133e+07	89361	18.403	1	9.7809e-76	1.9562e-75	4.9557e-74	True
mKate2_g6	mKate2	263.6	8703.3	263.6	8703.3	5.0398	3.5614e+07	9.9589e+05	8.4571	1	2.2688e-17	4.5376e-17	8.6213e-16	True
mKate2_g5	mKate2	270.43	4640.7	270.43	4640.7	4.096	9.5495e+06	1.0611e+06	4.2426	0.99998	1.8306e-05	3.6611e-05	0.00055649	True
ROSA26_g1	ROSA26	7008.8	5211.5	7008.8	5211.5	-0.4274	1.6152e+06	3.3722e+09	1.5132	0.06512	0.93488	0.13024	0.22637	False
LRIG1_g5	LRIG1	4488	3073.6	4488	3073.6	-0.546	1.0003e+06	1.1176e+09	1.5063	0.065999	0.934	0.132	0.22637	False
PROM1_g6	PROM1	5119.7	3711.1	5119.7	3711.1	-0.46411	9.9208e+05	1.5487e+09	1.4914	0.067925	0.93208	0.13585	0.22637	False
ROSA26_g6	ROSA26	3272.5	2165.6	3272.5	2165.6	-0.59544	6.1269e+05	5.1101e+08	1.4893	0.068199	0.9318	0.1364	0.22637	False
CTRL0003_g3	CTRL	6083.3	4663.2	6083.3	4663.2	-0.38346	1.0083e+06	2.3743e+09	1.4816	0.069226	0.93077	0.13845	0.22637	False
LRIG1_g4	LRIG1	3158.3	2173.8	3158.3	2173.8	-0.53875	4.8467e+05	4.6795e+08	1.4649	0.07148	0.92852	0.14296	0.22637	False
PROM1_g4	PROM1	3707	2649.3	3707	2649.3	-0.48447	5.5934e+05	6.9592e+08	1.4629	0.071752	0.92825	0.1435	0.22637	False
ROSA26_g3	ROSA26	3487.3	2496.6	3487.3	2496.6	-0.48199	4.9076e+05	5.9818e+08	1.4551	0.072816	0.92718	0.14563	0.22637	False
LRIG1_g1	LRIG1	2522.8	1691.1	2522.8	1691.1	-0.57679	3.4586e+05	2.6819e+08	1.4539	0.072988	0.92701	0.14598	0.22637	False
AAVS1_g8	AAVS1	2769.8	1917.6	2769.8	1917.6	-0.53026	3.6312e+05	3.3802e+08	1.4472	0.073925	0.92607	0.14785	0.22637	False
EGFP_g3	EGFP	1675.3	1067.9	1675.3	1067.9	-0.64914	1.8447e+05	9.7272e+07	1.4354	0.075582	0.92442	0.15116	0.22637	False
CTRL0006_g6	CTRL	3413.1	2580.7	3413.1	2580.7	-0.40322	3.4651e+05	5.6714e+08	1.4237	0.077271	0.92273	0.15454	0.22637	False
AAVS1_g1	AAVS1	2676	1927.8	2676	1927.8	-0.47293	2.7992e+05	3.1039e+08	1.4221	0.077497	0.9225	0.15499	0.22637	False
EGFP_g2	EGFP	3309.6	2504.8	3309.6	2504.8	-0.40183	3.2388e+05	5.2548e+08	1.4197	0.077853	0.92215	0.15571	0.22637	False
LRIG1_g2	LRIG1	1550.4	1005.4	1550.4	1005.4	-0.62432	1.4849e+05	8.0274e+07	1.4177	0.078144	0.92186	0.15629	0.22637	False
PROM1_g3	PROM1	2218.1	1562.9	2218.1	1562.9	-0.50482	2.1464e+05	1.9497e+08	1.4129	0.078841	0.92116	0.15768	0.22637	False
CTRL0010_g10	CTRL	3361.4	2598.1	3361.4	2598.1	-0.37149	2.9132e+05	5.4607e+08	1.4101	0.079254	0.92075	0.15851	0.22637	False
ROSA26_g2	ROSA26	2959.2	2228.1	2959.2	2228.1	-0.40922	2.6723e+05	3.9821e+08	1.4097	0.079312	0.92069	0.15862	0.22637	False
PROM1_g2	PROM1	3273.5	2529.4	3273.5	2529.4	-0.37191	2.7685e+05	5.1139e+08	1.4072	0.079677	0.92032	0.15935	0.22637	False
CCR5_g6	CCR5	1650.9	1121.2	1650.9	1121.2	-0.55779	1.4029e+05	9.3798e+07	1.3997	0.0808	0.9192	0.1616	0.22637	False
CTRL0007_g7	CTRL	2324.6	1713.6	2324.6	1713.6	-0.43971	1.8664e+05	2.1898e+08	1.3938	0.081694	0.91831	0.16339	0.22637	False
ROSA26_g8	ROSA26	1896.9	1341.6	1896.9	1341.6	-0.49944	1.5422e+05	1.3233e+08	1.3933	0.081763	0.91824	0.16353	0.22637	False
ROSA26_g5	ROSA26	2023.9	1460.5	2023.9	1460.5	-0.47042	1.5871e+05	1.5536e+08	1.3897	0.082315	0.91768	0.16463	0.22637	False
KRT20_g5	KRT20	3320.4	2658.5	3320.4	2658.5	-0.32061	2.1902e+05	5.2972e+08	1.3896	0.082326	0.91767	0.16465	0.22637	False
CCR5_g7	CCR5	3199.3	2547.9	3199.3	2547.9	-0.32837	2.1221e+05	4.8315e+08	1.3883	0.08253	0.91747	0.16506	0.22637	False
EGFP_g5	EGFP	2958.2	2330.6	2958.2	2330.6	-0.34389	1.9694e+05	3.9789e+08	1.3851	0.083009	0.91699	0.16602	0.22637	False
ROSA26_g7	ROSA26	2234.7	1669.5	2234.7	1669.5	-0.42045	1.5973e+05	1.9861e+08	1.382	0.083484	0.91652	0.16697	0.22637	False
AAVS1_g7	AAVS1	1451.8	994.14	1451.8	994.14	-0.54582	1.0471e+05	6.8213e+07	1.3808	0.083669	0.91633	0.16734	0.22637	False
CCR5_g2	CCR5	2385.1	1817.1	2385.1	1817.1	-0.39221	1.613e+05	2.3338e+08	1.3787	0.083988	0.91601	0.16798	0.22637	False
AAVS1_g2	AAVS1	2367.5	1801.7	2367.5	1801.7	-0.39379	1.6005e+05	2.2914e+08	1.3785	0.084026	0.91597	0.16805	0.22637	False
ROSA26_g4	ROSA26	2491.5	1916.5	2491.5	1916.5	-0.37835	1.653e+05	2.6003e+08	1.3785	0.084029	0.91597	0.16806	0.22637	False
EGFP_g6	EGFP	3379.9	2777.4	3379.9	2777.4	-0.28315	1.8151e+05	5.5357e+08	1.3775	0.084182	0.91582	0.16836	0.22637	False
CTRL0005_g5	CTRL	1982.9	1460.5	1982.9	1460.5	-0.4409	1.3645e+05	1.4768e+08	1.3762	0.084386	0.91561	0.16877	0.22637	False
AAVS1_g9	AAVS1	861.09	538.06	861.09	538.06	-0.67739	52174	1.8701e+07	1.3729	0.08489	0.91511	0.16978	0.22637	False
PROM1_g1	PROM1	2086.3	1566	2086.3	1566	-0.41365	1.3537e+05	1.6752e+08	1.3716	0.085096	0.9149	0.17019	0.22637	False
EGFP_g1	EGFP	2551.1	2005.7	2551.1	2005.7	-0.34684	1.4871e+05	2.757e+08	1.3692	0.085467	0.91453	0.17093	0.22637	False
LRIG1_g3	LRIG1	1695.8	1224.7	1695.8	1224.7	-0.46919	1.1096e+05	1.0025e+08	1.3692	0.085474	0.91453	0.17095	0.22637	False
CCR5_g5	CCR5	1707.5	1237	1707.5	1237	-0.46472	1.1069e+05	1.0197e+08	1.3682	0.085618	0.91438	0.17124	0.22637	False
CTRL0008_g8	CTRL	2224	1708.5	2224	1708.5	-0.38025	1.3288e+05	1.9625e+08	1.3662	0.085942	0.91406	0.17188	0.22637	False
CCR5_g10	CCR5	1805.2	1339.5	1805.2	1339.5	-0.43014	1.0842e+05	1.1703e+08	1.3614	0.086701	0.9133	0.1734	0.22637	False
KRT20_g2	KRT20	2620.4	2104.1	2620.4	2104.1	-0.31645	1.3328e+05	2.9464e+08	1.3607	0.086804	0.9132	0.17361	0.22637	False
EGFP_g4	EGFP	1763.2	1310.8	1763.2	1310.8	-0.42743	1.0232e+05	1.1041e+08	1.3576	0.087291	0.91271	0.17458	0.22637	False
AAVS1_g5	AAVS1	1829.6	1372.3	1829.6	1372.3	-0.41464	1.0454e+05	1.2099e+08	1.3569	0.087399	0.9126	0.1748	0.22637	False
ROSA26_g10	ROSA26	2519.8	2023.1	2519.8	2023.1	-0.3166	1.2336e+05	2.6741e+08	1.3562	0.087513	0.91249	0.17503	0.22637	False
CTRL0004_g4	CTRL	1075.9	730.74	1075.9	730.74	-0.55745	59560	3.2469e+07	1.3516	0.088246	0.91175	0.17649	0.22637	False
LRIG1_g6	LRIG1	1489.8	1086.4	1489.8	1086.4	-0.45527	81388	7.2732e+07	1.3491	0.088653	0.91135	0.17731	0.22637	False
CTRL0002_g2	CTRL	1892.1	1455.3	1892.1	1455.3	-0.37838	95367	1.3149e+08	1.3469	0.089011	0.91099	0.17802	0.22637	False
PROM1_g5	PROM1	1959.4	1520.9	1959.4	1520.9	-0.36527	96142	1.434e+08	1.3459	0.089175	0.91082	0.17835	0.22637	False
CCR5_g8	CCR5	1976	1567	1976	1567	-0.33436	83632	1.4642e+08	1.3349	0.090957	0.90904	0.18191	0.22637	False
CTRL0009_g9	CTRL	1973.1	1569.1	1973.1	1569.1	-0.33034	81609	1.4589e+08	1.3332	0.091241	0.90876	0.18248	0.22637	False
CCR5_g3	CCR5	1428.3	1071	1428.3	1071	-0.41502	63839	6.5518e+07	1.3287	0.091974	0.90803	0.18395	0.22637	False
KRT20_g6	KRT20	1660.7	1285.2	1660.7	1285.2	-0.36953	70492	9.5179e+07	1.3284	0.092025	0.90797	0.18405	0.22637	False
KRT20_g1	KRT20	1887.2	1501.5	1887.2	1501.5	-0.32968	74394	1.3065e+08	1.3277	0.092135	0.90787	0.18427	0.22637	False
KRT20_g3	KRT20	2152.7	1764.8	2152.7	1764.8	-0.28648	75228	1.8104e+08	1.3263	0.092374	0.90763	0.18475	0.22637	False
AAVS1_g4	AAVS1	1028	730.74	1028	730.74	-0.4919	44194	2.9009e+07	1.3211	0.093241	0.90676	0.18648	0.22637	False
CCR5_g4	CCR5	1100.3	803.51	1100.3	803.51	-0.45301	44039	3.4324e+07	1.3136	0.094493	0.90551	0.18899	0.22637	False
CTRL0001_g1	CTRL	1897.9	1551.7	1897.9	1551.7	-0.29043	59944	1.325e+08	1.3131	0.094579	0.90542	0.18916	0.22637	False
AAVS1_g10	AAVS1	1135.4	844.5	1135.4	844.5	-0.42663	42320	3.7105e+07	1.3068	0.095634	0.90437	0.19127	0.22637	False
AAVS1_g6	AAVS1	886.48	628.25	886.48	628.25	-0.49607	33340	2.0096e+07	1.3058	0.095804	0.9042	0.19161	0.22637	False
AAVS1_g3	AAVS1	1523	1217.6	1523	1217.6	-0.32271	46654	7.6813e+07	1.3	0.096801	0.9032	0.1936	0.22637	False
CCR5_g9	CCR5	1292.6	1047.4	1292.6	1047.4	-0.30318	30058	5.1161e+07	1.273	0.10151	0.89849	0.20302	0.23378	False
CCR5_g1	CCR5	1308.2	1094.6	1308.2	1094.6	-0.25704	22826	5.2707e+07	1.2559	0.10457	0.89543	0.20914	0.23724	False
KRT20_g4	KRT20	1064.2	886.52	1064.2	886.52	-0.26322	15778	3.16e+07	1.2339	0.10863	0.89137	0.21726	0.23933	False
ROSA26_g9	ROSA26	785.92	615.95	785.92	615.95	-0.35105	14444	1.4913e+07	1.2338	0.10864	0.89136	0.21728	0.23933	False
SOX9_g4	SOX9	466.67	1554.7	466.67	1554.7	1.734	5.9196e+05	4.0997e+06	0.53739	0.50012	0.49988	0.99976	0.99976	True
SOX9_g5	SOX9	765.42	2593	765.42	2593	1.759	1.6699e+06	1.3968e+07	0.48899	0.46239	0.53761	0.92479	0.93712	True
mKate2_g4	mKate2	936.27	3209.9	936.27	3209.9	1.7765	2.5848e+06	2.301e+07	0.47399	0.44966	0.55034	0.89932	0.92362	True
SOX9_g2	SOX9	669.74	2067.2	669.74	2067.2	1.6245	9.7643e+05	1.0033e+07	0.44117	0.43545	0.56455	0.8709	0.90669	True
SOX9_g3	SOX9	597.49	1108.9	597.49	1108.9	0.89105	1.3078e+05	7.562e+06	0.18598	0.27265	0.72735	0.5453	0.5756	True
SOX9_g1	SOX9	1464.4	2535.6	1464.4	2535.6	0.79153	5.7364e+05	6.97e+07	0.1283	0.21183	0.78817	0.42367	0.4535	True
SOX9_g6	SOX9	2175.2	2873.8	2175.2	2873.8	0.40164	2.4401e+05	1.8575e+08	0.051256	0.14881	0.85119	0.29762	0.32313	True
