sgrna	Gene	control_count	treatment_count	control_mean	treat_mean	LFC	control_var	adj_var	score	p.low	p.high	p.twosided	FDR	high_in_treatment
mKate2_g1	mKate2	98.387	4087.2	98.387	4087.2	5.3622	7.9551e+06	51580	17.563	1	3.5445e-69	7.0891e-69	5.3877e-67	True
mKate2_g2	mKate2	159.88	5305.7	159.88	5305.7	5.0438	1.324e+07	1.624e+05	12.769	1	1.8611e-37	3.7222e-37	1.4144e-35	True
mKate2_g3	mKate2	144.74	4701.2	144.74	4701.2	5.0118	1.0381e+07	1.2839e+05	12.717	1	3.6436e-37	7.2872e-37	1.8461e-35	True
mKate2_g6	mKate2	283.81	7041.7	283.81	7041.7	4.6281	2.2835e+07	6.3034e+05	8.5118	1	1.3381e-17	2.6763e-17	5.0849e-16	True
mKate2_g5	mKate2	215.7	3835.8	215.7	3835.8	4.1462	6.5526e+06	3.2952e+05	6.3064	1	2.2093e-10	4.4186e-10	6.7162e-09	True
ROSA26_g1	ROSA26	6597.6	4669.4	6597.6	4669.4	-0.49863	1.8591e+06	1.0708e+09	1.2973	0.097258	0.90274	0.19452	0.33906	False
CTRL0003_g3	CTRL	5578.8	4175.2	5578.8	4175.2	-0.41802	9.8502e+05	7.2022e+08	1.2504	0.10558	0.89442	0.21116	0.33906	False
LRIG1_g5	LRIG1	3837.1	2764.7	3837.1	2764.7	-0.47274	5.7501e+05	2.9731e+08	1.2396	0.10757	0.89243	0.21514	0.33906	False
LRIG1_g4	LRIG1	2783.2	1946	2783.2	1946	-0.51602	3.5047e+05	1.3916e+08	1.2291	0.10951	0.89049	0.21902	0.33906	False
ROSA26_g2	ROSA26	2817.3	1986.3	2817.3	1986.3	-0.504	3.4526e+05	1.4322e+08	1.2253	0.11024	0.88976	0.22047	0.33906	False
SOX9_g2	SOX9	336.79	1525	336.79	1525	2.1756	7.0592e+05	9.4463e+05	1.2225	0.82573	0.17427	0.34854	0.37841	True
ROSA26_g3	ROSA26	3160.7	2287.5	3160.7	2287.5	-0.4663	3.8124e+05	1.8797e+08	1.2199	0.11126	0.88874	0.22251	0.33906	False
ROSA26_g4	ROSA26	2290.3	1595	2290.3	1595	-0.52175	2.4176e+05	8.778e+07	1.2145	0.11228	0.88772	0.22455	0.33906	False
PROM1_g3	PROM1	2041.5	1403	2041.5	1403	-0.54078	2.0384e+05	6.6884e+07	1.2124	0.11268	0.88732	0.22537	0.33906	False
EGFP_g5	EGFP	2756.7	2001.2	2756.7	2001.2	-0.46193	2.8545e+05	1.3605e+08	1.206	0.1139	0.8861	0.22781	0.33906	False
PROM1_g6	PROM1	4530.6	3568.6	4530.6	3568.6	-0.34425	4.627e+05	4.4033e+08	1.2016	0.11476	0.88524	0.22951	0.33906	False
EGFP_g6	EGFP	3127.6	2333.1	3127.6	2333.1	-0.42265	3.1561e+05	1.8335e+08	1.2009	0.11489	0.88511	0.22978	0.33906	False
ROSA26_g6	ROSA26	2735.9	2033	2735.9	2033	-0.42826	2.4707e+05	1.3363e+08	1.1914	0.11676	0.88324	0.23351	0.33906	False
PROM1_g4	PROM1	3314.9	2538.8	3314.9	2538.8	-0.38467	3.0114e+05	2.1038e+08	1.1903	0.11696	0.88304	0.23392	0.33906	False
EGFP_g4	EGFP	1631	1131.6	1631	1131.6	-0.52703	1.2471e+05	3.9336e+07	1.1872	0.11758	0.88242	0.23516	0.33906	False
CTRL0001_g1	CTRL	1785.2	1258.8	1785.2	1258.8	-0.50366	1.3852e+05	4.8702e+07	1.1852	0.11796	0.88204	0.23592	0.33906	False
EGFP_g1	EGFP	2398.2	1773.2	2398.2	1773.2	-0.43542	1.9534e+05	9.7867e+07	1.1827	0.11847	0.88153	0.23695	0.33906	False
EGFP_g2	EGFP	2980	2296	2980	2296	-0.37606	2.3395e+05	1.6355e+08	1.1772	0.11957	0.88043	0.23913	0.33906	False
AAVS1_g8	AAVS1	2384	1784.8	2384	1784.8	-0.41741	1.7951e+05	9.6504e+07	1.1746	0.12008	0.87992	0.24017	0.33906	False
CTRL0008_g8	CTRL	2037.8	1499.5	2037.8	1499.5	-0.4422	1.4484e+05	6.6591e+07	1.1711	0.12079	0.87921	0.24157	0.33906	False
CCR5_g7	CCR5	2942.2	2292.8	2942.2	2292.8	-0.35963	2.1084e+05	1.5868e+08	1.1691	0.12118	0.87882	0.24237	0.33906	False
AAVS1_g1	AAVS1	2353.7	1779.5	2353.7	1779.5	-0.40327	1.6486e+05	9.3632e+07	1.1675	0.12151	0.87849	0.24302	0.33906	False
CTRL0002_g2	CTRL	1740.7	1260.9	1740.7	1260.9	-0.46486	1.1509e+05	4.5882e+07	1.1667	0.12167	0.87833	0.24333	0.33906	False
KRT20_g5	KRT20	3033	2385.1	3033	2385.1	-0.34658	2.099e+05	1.7051e+08	1.1663	0.12174	0.87826	0.24348	0.33906	False
CTRL0010_g10	CTRL	2968.7	2339.5	2968.7	2339.5	-0.3435	1.9794e+05	1.6208e+08	1.1631	0.12239	0.87761	0.24479	0.33906	False
CTRL0007_g7	CTRL	2021.7	1510.1	2021.7	1510.1	-0.42062	1.3083e+05	6.5356e+07	1.1612	0.12277	0.87723	0.24555	0.33906	False
PROM1_g2	PROM1	2934.6	2336.3	2934.6	2336.3	-0.32882	1.7899e+05	1.5772e+08	1.1558	0.12387	0.87613	0.24775	0.33906	False
AAVS1_g2	AAVS1	2160.7	1649.1	2160.7	1649.1	-0.38966	1.309e+05	7.6487e+07	1.154	0.12424	0.87576	0.24849	0.33906	False
PROM1_g5	PROM1	1959.2	1484.7	1959.2	1484.7	-0.39989	1.1259e+05	6.0684e+07	1.1496	0.12515	0.87485	0.2503	0.33906	False
CTRL0006_g6	CTRL	3296.9	2712.8	3296.9	2712.8	-0.28127	1.7063e+05	2.0769e+08	1.1462	0.12585	0.87415	0.25169	0.33906	False
CCR5_g8	CCR5	1863.7	1416.8	1863.7	1416.8	-0.39525	99842	5.3919e+07	1.1432	0.12649	0.87351	0.25297	0.33906	False
CTRL0005_g5	CTRL	1832.5	1391.4	1832.5	1391.4	-0.39703	97282	5.1808e+07	1.1424	0.12664	0.87336	0.25329	0.33906	False
CCR5_g5	CCR5	1503.2	1116.7	1503.2	1116.7	-0.4285	74708	3.2439e+07	1.1382	0.12752	0.87248	0.25503	0.33906	False
CTRL0009_g9	CTRL	1821.1	1391.4	1821.1	1391.4	-0.38807	92339	5.1052e+07	1.138	0.12756	0.87244	0.25512	0.33906	False
KRT20_g4	KRT20	992.39	703.11	992.39	703.11	-0.49656	41841	1.2154e+07	1.1309	0.12905	0.87095	0.25809	0.33906	False
CCR5_g3	CCR5	1223.2	892.94	1223.2	892.94	-0.45362	54543	1.9926e+07	1.1307	0.12908	0.87092	0.25816	0.33906	False
ROSA26_g8	ROSA26	1626.2	1253.5	1626.2	1253.5	-0.3753	69461	3.9067e+07	1.1223	0.13086	0.86914	0.26173	0.33906	False
ROSA26_g10	ROSA26	2422.8	1986.3	2422.8	1986.3	-0.28645	95257	1.0026e+08	1.1202	0.13132	0.86868	0.26264	0.33906	False
CCR5_g2	CCR5	2148.4	1732.9	2148.4	1732.9	-0.30998	86357	7.5461e+07	1.1193	0.1315	0.8685	0.26299	0.33906	False
KRT20_g3	KRT20	1916.7	1531.4	1916.7	1531.4	-0.3236	74230	5.7613e+07	1.1148	0.13246	0.86754	0.26493	0.33906	False
CCR5_g9	CCR5	1136.2	842.03	1136.2	842.03	-0.4318	43262	1.6735e+07	1.1148	0.13248	0.86752	0.26496	0.33906	False
PROM1_g1	PROM1	1878.8	1498.5	1878.8	1498.5	-0.32613	72329	5.496e+07	1.1141	0.13262	0.86738	0.26524	0.33906	False
AAVS1_g4	AAVS1	991.44	726.44	991.44	726.44	-0.44815	35113	1.2126e+07	1.1098	0.13354	0.86646	0.26708	0.33906	False
LRIG1_g2	LRIG1	1211.9	914.15	1211.9	914.15	-0.40634	44318	1.9492e+07	1.1094	0.13363	0.86637	0.26725	0.33906	False
AAVS1_g6	AAVS1	784.26	559.94	784.26	559.94	-0.48532	25159	6.9671e+06	1.1055	0.13448	0.86552	0.26896	0.33906	False
KRT20_g2	KRT20	2244.9	1875	2244.9	1875	-0.25969	68441	8.3721e+07	1.1015	0.13533	0.86467	0.27066	0.33906	False
ROSA26_g5	ROSA26	1819.2	1480.5	1819.2	1480.5	-0.2971	57382	5.0927e+07	1.0985	0.13599	0.86401	0.27199	0.33906	False
AAVS1_g10	AAVS1	1045.4	785.83	1045.4	785.83	-0.41127	33680	1.3744e+07	1.0984	0.13602	0.86398	0.27205	0.33906	False
CTRL0004_g4	CTRL	917.65	677.66	917.65	677.66	-0.43683	28799	1.01e+07	1.098	0.1361	0.8639	0.27221	0.33906	False
AAVS1_g3	AAVS1	1405.8	1110.3	1405.8	1110.3	-0.34012	43650	2.7686e+07	1.0938	0.13702	0.86298	0.27404	0.33906	False
LRIG1_g1	LRIG1	2075.6	1746.6	2075.6	1746.6	-0.24881	54106	6.9552e+07	1.0895	0.13797	0.86203	0.27593	0.33906	False
AAVS1_g5	AAVS1	1613.9	1309.7	1613.9	1309.7	-0.30112	46274	3.8372e+07	1.0893	0.13802	0.86198	0.27603	0.33906	False
CCR5_g6	CCR5	1373.6	1093.4	1373.6	1093.4	-0.32895	39275	2.6212e+07	1.0868	0.13857	0.86143	0.27713	0.33906	False
AAVS1_g7	AAVS1	1186.3	944.9	1186.3	944.9	-0.32795	29142	1.8534e+07	1.073	0.14164	0.85836	0.28328	0.33906	False
LRIG1_g3	LRIG1	1352.8	1104	1352.8	1104	-0.29303	30963	2.5282e+07	1.0695	0.14243	0.85757	0.28485	0.33906	False
AAVS1_g9	AAVS1	744.53	563.12	744.53	563.12	-0.40225	16454	6.1613e+06	1.0641	0.14365	0.85635	0.28731	0.33906	False
KRT20_g1	KRT20	1596.9	1353.2	1596.9	1353.2	-0.23875	29697	3.7421e+07	1.0607	0.14442	0.85558	0.28884	0.33906	False
LRIG1_g6	LRIG1	1278.1	1054.1	1278.1	1054.1	-0.27769	25078	2.2104e+07	1.0574	0.14516	0.85484	0.29033	0.33906	False
KRT20_g6	KRT20	1348.1	1125.2	1348.1	1125.2	-0.26055	24844	2.5074e+07	1.0547	0.14579	0.85421	0.29158	0.33906	False
CCR5_g4	CCR5	947.92	756.13	947.92	756.13	-0.32574	18392	1.0905e+07	1.0515	0.14651	0.85349	0.29302	0.33906	False
ROSA26_g7	ROSA26	1832.5	1621.5	1832.5	1621.5	-0.17635	22253	5.1808e+07	1.0456	0.14786	0.85214	0.29572	0.33906	False
EGFP_g3	EGFP	1541.1	1346.8	1541.1	1346.8	-0.19424	18868	3.4403e+07	1.0373	0.14979	0.85021	0.29957	0.33906	False
CCR5_g10	CCR5	1587.4	1404.1	1587.4	1404.1	-0.17694	16808	3.6899e+07	1.0323	0.15096	0.84904	0.30192	0.33906	False
ROSA26_g9	ROSA26	745.47	594.94	745.47	594.94	-0.32493	11330	6.1798e+06	1.0292	0.15169	0.84831	0.30337	0.33906	False
CCR5_g1	CCR5	1162.7	1022.3	1162.7	1022.3	-0.18543	9849.8	1.7673e+07	1.0067	0.15704	0.84296	0.31408	0.34594	False
SOX9_g5	SOX9	486.26	1977.8	486.26	1977.8	2.0219	1.1124e+06	2.2507e+06	0.99423	0.74476	0.25524	0.51048	0.53884	True
SOX9_g1	SOX9	598.84	1929	598.84	1929	1.686	8.8472e+05	3.6822e+06	0.69321	0.60789	0.39211	0.78421	0.81644	True
SOX9_g4	SOX9	376.52	1092.3	376.52	1092.3	1.5341	2.5618e+05	1.2295e+06	0.64553	0.59031	0.40969	0.81937	0.8303	True
mKate2_g4	mKate2	859.94	2696.8	859.94	2696.8	1.6478	1.6871e+06	8.6623e+06	0.62412	0.56698	0.43302	0.86604	0.86604	True
SOX9_g3	SOX9	455.04	905.66	455.04	905.66	0.9914	1.0153e+05	1.9239e+06	0.32488	0.40716	0.59284	0.81433	0.8303	True
SOX9_g6	SOX9	1778.5	2345.8	1778.5	2345.8	0.3992	1.609e+05	4.8275e+07	0.081646	0.22221	0.77779	0.44442	0.47572	True
