sgrna	Gene	control_count	treatment_count	control_mean	treat_mean	LFC	control_var	adj_var	score	p.low	p.high	p.twosided	FDR	high_in_treatment
SOX9_g1	SOX9	1438	661.51	1438	661.51	-1.1191	3.0149e+05	13711	6.6317	1.6594e-11	1	3.3188e-11	2.5223e-09	False
SOX9_g2	SOX9	657.66	372.03	657.66	372.03	-0.82023	40791	6270.4	3.607	0.00015485	0.99985	0.0003097	0.011769	False
SOX9_g5	SOX9	751.61	537.15	751.61	537.15	-0.4839	22997	7166.2	2.5334	0.0056476	0.99435	0.011295	0.27042	False
mKate2_g2	mKate2	100.66	176.61	100.66	176.61	0.80494	2884.1	959.75	2.4515	0.99288	0.0071163	0.014233	0.27042	True
mKate2_g3	mKate2	97.786	159.89	97.786	159.89	0.7037	1928.5	932.33	2.0339	0.97901	0.020994	0.041988	0.63821	True
PROM1_g5	PROM1	1924.1	2164.3	1924.1	2164.3	0.16962	28844	18345	1.7733	0.96191	0.03809	0.07618	0.95518	True
CTRL0006_g6	CTRL	3351.6	3641.9	3351.6	3641.9	0.11984	42159	31955	1.6244	0.94785	0.052147	0.10429	0.95518	True
ROSA26_g1	ROSA26	6882.4	7288.1	6882.4	7288.1	0.08261	82278	65620	1.5836	0.94336	0.056645	0.11329	0.95518	True
LRIG1_g2	LRIG1	1522.4	1338.7	1522.4	1338.7	-0.18539	16874	14515	1.5248	0.063655	0.93635	0.12731	0.95518	False
LRIG1_g3	LRIG1	1665.2	1494.4	1665.2	1494.4	-0.15607	14593	15877	1.3558	0.087577	0.91242	0.17515	0.95518	False
ROSA26_g10	ROSA26	2474.4	2676.3	2474.4	2676.3	0.11315	20394	23592	1.3149	0.90573	0.094273	0.18855	0.95518	True
ROSA26_g2	ROSA26	2905.8	3112.1	2905.8	3112.1	0.098936	21286	27705	1.2396	0.89244	0.10756	0.21512	0.95518	True
SOX9_g6	SOX9	2136	1964.7	2136	1964.7	-0.12054	14670	20365	1.2003	0.11501	0.88499	0.23002	0.95518	False
LRIG1_g1	LRIG1	2477.2	2292.8	2477.2	2292.8	-0.11158	17009	23619	1.2001	0.11504	0.88496	0.23009	0.95518	False
ROSA26_g7	ROSA26	2194.4	2024.2	2194.4	2024.2	-0.11642	14485	20923	1.1767	0.11966	0.88034	0.23932	0.95518	False
KRT20_g6	KRT20	1630.7	1489.2	1630.7	1489.2	-0.13092	10019	15548	1.1352	0.12814	0.87186	0.25628	0.95518	False
SOX9_g3	SOX9	586.72	502.66	586.72	502.66	-0.22267	3532.6	5594	1.1238	0.13054	0.86946	0.26108	0.95518	False
mKate2_g6	mKate2	258.85	313.51	258.85	313.51	0.27545	1494.1	2467.9	1.1004	0.86442	0.13558	0.27117	0.95518	True
ROSA26_g6	ROSA26	3213.5	3022.2	3213.5	3022.2	-0.088508	18294	30639	1.0928	0.13725	0.86275	0.27449	0.95518	False
AAVS1_g7	AAVS1	1425.6	1310.5	1425.6	1310.5	-0.12136	6623.4	13592	0.98722	0.16177	0.83823	0.32354	0.95518	False
EGFP_g1	EGFP	2505	2649.2	2505	2649.2	0.080666	10384	23884	0.9325	0.82446	0.17554	0.35108	0.95518	True
AAVS1_g4	AAVS1	1009.5	1095.2	1009.5	1095.2	0.11744	3672.1	9625	0.87352	0.80881	0.19119	0.38238	0.95518	True
CCR5_g8	CCR5	1940.4	2058.7	1940.4	2058.7	0.085362	7001.6	18500	0.87001	0.80785	0.19215	0.3843	0.95518	True
EGFP_g5	EGFP	2904.8	3045.2	2904.8	3045.2	0.068079	9857.3	27696	0.8437	0.80058	0.19942	0.39884	0.95518	True
CCR5_g6	CCR5	1621.1	1517.4	1621.1	1517.4	-0.095356	5382	15457	0.83451	0.202	0.798	0.404	0.95518	False
LRIG1_g5	LRIG1	4407.1	4238.7	4407.1	4238.7	-0.056203	14183	42019	0.82164	0.20564	0.79436	0.41128	0.95518	False
CTRL0001_g1	CTRL	1863.7	1972	1863.7	1972	0.081442	5863.6	17769	0.81239	0.79172	0.20828	0.41657	0.95518	True
CTRL0003_g3	CTRL	5973.6	6162.6	5973.6	6162.6	0.044929	17858	56955	0.7919	0.78579	0.21421	0.42842	0.95518	True
EGFP_g6	EGFP	3319	3454.9	3319	3454.9	0.057883	9235.7	31644	0.76401	0.77757	0.22243	0.44486	0.95518	True
mKate2_g1	mKate2	88.199	108.68	88.199	108.68	0.29824	209.8	840.93	0.70639	0.75974	0.24026	0.48051	0.95518	True
KRT20_g1	KRT20	1853.1	1764	1853.1	1764	-0.071069	3971.5	17669	0.67049	0.25127	0.74873	0.50254	0.95518	False
SOX9_g4	SOX9	458.25	415.92	458.25	415.92	-0.1395	895.86	4369.2	0.64038	0.26096	0.73904	0.52193	0.95518	False
CCR5_g7	CCR5	3141.6	3250.1	3141.6	3250.1	0.048942	5879.6	29953	0.62656	0.73453	0.26547	0.53095	0.95518	True
ROSA26_g9	ROSA26	771.74	823.49	771.74	823.49	0.093508	1338.7	7358.1	0.60322	0.72682	0.27318	0.54636	0.95518	True
KRT20_g2	KRT20	2573.1	2479.9	2573.1	2479.9	-0.053233	4347.7	24533	0.59535	0.27581	0.72419	0.55161	0.95518	False
CTRL0005_g5	CTRL	1947.1	2024.2	1947.1	2024.2	0.056024	2975.2	18564	0.56615	0.71435	0.28565	0.57129	0.95518	True
EGFP_g4	EGFP	1731.4	1801.6	1731.4	1801.6	0.057348	2467.6	16508	0.54677	0.70773	0.29227	0.58454	0.95518	True
ROSA26_g4	ROSA26	2446.6	2530	2446.6	2530	0.048374	3482.7	23327	0.54645	0.70762	0.29238	0.58476	0.95518	True
CTRL0009_g9	CTRL	1937.5	2011.7	1937.5	2011.7	0.05418	2751.7	18473	0.54582	0.7074	0.2926	0.58519	0.95518	True
mKate2_g5	mKate2	265.56	238.27	265.56	238.27	-0.15581	372.33	2531.9	0.54232	0.2938	0.7062	0.5876	0.95518	False
AAVS1_g8	AAVS1	2719.8	2633.5	2719.8	2633.5	-0.046506	3724.6	25932	0.53597	0.29599	0.70401	0.59198	0.95518	False
PROM1_g3	PROM1	2178.1	2255.2	2178.1	2255.2	0.050128	2968.1	20767	0.53465	0.70355	0.29645	0.59289	0.95518	True
KRT20_g4	KRT20	1045	1096.2	1045	1096.2	0.069041	1314.4	9963.2	0.51367	0.69626	0.30374	0.60748	0.95518	True
KRT20_g5	KRT20	3260.5	3350.4	3260.5	3350.4	0.039222	4039.7	31087	0.5098	0.69491	0.30509	0.61019	0.95518	True
ROSA26_g8	ROSA26	1862.7	1796.4	1862.7	1796.4	-0.052269	2198.8	17760	0.49761	0.30938	0.69062	0.61876	0.95518	False
CTRL0002_g2	CTRL	1857.9	1922.9	1857.9	1922.9	0.04953	2107.8	17714	0.48783	0.68716	0.31284	0.62567	0.95518	True
AAVS1_g3	AAVS1	1495.6	1552.9	1495.6	1552.9	0.054271	1645.6	14259	0.48043	0.68454	0.31546	0.63092	0.95518	True
CTRL0008_g8	CTRL	2183.9	2251	2183.9	2251	0.043649	2252.2	20822	0.46511	0.67907	0.32093	0.64185	0.95518	True
EGFP_g3	EGFP	1645.1	1702.4	1645.1	1702.4	0.049326	1639	15685	0.45715	0.67622	0.32378	0.64756	0.95518	True
CCR5_g3	CCR5	1402.6	1351.2	1402.6	1351.2	-0.05375	1317.4	13373	0.44388	0.32857	0.67143	0.65713	0.95518	False
LRIG1_g6	LRIG1	1463	1411.8	1463	1411.8	-0.051273	1306.4	13948	0.4328	0.33258	0.66742	0.66516	0.95518	False
CTRL0004_g4	CTRL	1056.5	1013.7	1056.5	1013.7	-0.059591	915.48	10073	0.42635	0.33493	0.66507	0.66985	0.95518	False
AAVS1_g2	AAVS1	2324.8	2386.9	2324.8	2386.9	0.03798	1924.6	22166	0.41672	0.66156	0.33844	0.67688	0.95518	True
AAVS1_g10	AAVS1	1115	1154.8	1115	1154.8	0.050569	792.42	10630	0.38612	0.65029	0.34971	0.69941	0.95518	True
ROSA26_g3	ROSA26	3424.4	3491.5	3424.4	3491.5	0.027958	2246.5	32650	0.37096	0.64467	0.35533	0.71067	0.95518	True
CTRL0007_g7	CTRL	2282.6	2233.2	2282.6	2233.2	-0.031548	1219.9	21764	0.33483	0.36888	0.63112	0.73776	0.95518	False
CCR5_g4	CCR5	1080.4	1047.1	1080.4	1047.1	-0.045144	554.97	10301	0.32825	0.37136	0.62864	0.74272	0.95518	False
mKate2_g4	mKate2	919.38	949.94	919.38	949.94	0.047118	466.82	8765.8	0.32636	0.62792	0.37208	0.74415	0.95518	True
AAVS1_g9	AAVS1	845.56	822.44	845.56	822.44	-0.039949	267.26	8061.9	0.25749	0.3984	0.6016	0.7968	0.95518	False
EGFP_g2	EGFP	3249.9	3291.9	3249.9	3291.9	0.01848	878.19	30986	0.23808	0.59409	0.40591	0.81182	0.95518	True
CCR5_g2	CCR5	2342.1	2373.3	2342.1	2373.3	0.019084	486.74	22330	0.20879	0.5827	0.4173	0.83461	0.95518	True
PROM1_g1	PROM1	2048.7	2075.4	2048.7	2075.4	0.018688	357.09	19533	0.19121	0.57582	0.42418	0.84836	0.95518	True
AAVS1_g1	AAVS1	2627.8	2600	2627.8	2600	-0.015291	384.08	25054	0.1751	0.4305	0.5695	0.861	0.95518	False
ROSA26_g5	ROSA26	1987.4	2009.6	1987.4	2009.6	0.016049	247.37	18948	0.16159	0.56418	0.43582	0.87163	0.95518	True
LRIG1_g4	LRIG1	3101.4	3074.5	3101.4	3074.5	-0.012546	360.77	29570	0.15621	0.43793	0.56207	0.87587	0.95518	False
PROM1_g2	PROM1	3214.5	3241.7	3214.5	3241.7	0.012161	370.44	30648	0.15548	0.56178	0.43822	0.87644	0.95518	True
CCR5_g10	CCR5	1772.6	1753.6	1772.6	1753.6	-0.015575	181.35	16901	0.14649	0.44177	0.55823	0.88353	0.95518	False
CCR5_g9	CCR5	1269.3	1255.1	1269.3	1255.1	-0.016236	101.04	12102	0.12922	0.44859	0.55141	0.89718	0.95518	False
CCR5_g5	CCR5	1676.7	1660.6	1676.7	1660.6	-0.013984	130.96	15987	0.128	0.44908	0.55092	0.89815	0.95518	False
CTRL0010_g10	CTRL	3300.8	3279.3	3300.8	3279.3	-0.0093994	229.87	31471	0.12087	0.4519	0.5481	0.9038	0.95518	False
PROM1_g4	PROM1	3640.1	3661.8	3640.1	3661.8	0.008559	234.7	34707	0.1163	0.54629	0.45371	0.90742	0.95518	True
AAVS1_g5	AAVS1	1796.6	1782.8	1796.6	1782.8	-0.011079	94.542	17129	0.10506	0.45816	0.54184	0.91632	0.95518	False
PROM1_g6	PROM1	5027.4	5004.7	5027.4	5004.7	-0.0065233	257.31	47933	0.10362	0.45874	0.54126	0.91747	0.95518	False
AAVS1_g6	AAVS1	870.49	866.33	870.49	866.33	-0.0068937	8.6291	8299.6	0.045601	0.48181	0.51819	0.96363	0.98967	False
KRT20_g3	KRT20	2113.9	2117.2	2113.9	2117.2	0.002273	5.5604	20155	0.02349	0.50937	0.49063	0.98126	0.99434	True
CCR5_g1	CCR5	1284.6	1284.3	1284.6	1284.3	-0.00032922	0.043027	12248	0.0026505	0.49894	0.50106	0.99789	0.99789	False
