sgrna	Gene	control_count	treatment_count	control_mean	treat_mean	LFC	control_var	adj_var	score	p.low	p.high	p.twosided	FDR	high_in_treatment
mKate2_g1	mKate2	175.44	6129.2	175.44	6129.2	5.1187	1.7724e+07	5.0838e+05	8.3503	1	5.7017e-17	1.1403e-16	8.6665e-15	True
mKate2_g2	mKate2	230.69	7958.2	230.69	7958.2	5.1024	2.9857e+07	1.0196e+06	7.6527	1	1.667e-14	3.3339e-14	1.2669e-12	True
mKate2_g3	mKate2	211.3	7049.4	211.3	7049.4	5.0535	2.338e+07	8.1571e+05	7.5712	1	3.1201e-14	6.2402e-14	1.5809e-12	True
mKate2_g6	mKate2	408.07	10351	408.07	10351	4.6614	4.9431e+07	4.3473e+06	4.7688	1	1.6047e-06	3.2093e-06	6.0977e-05	True
mKate2_g5	mKate2	291.75	5651.1	291.75	5651.1	4.271	1.4361e+07	1.8524e+06	3.9377	0.99993	7.0341e-05	0.00014068	0.0021384	True
ROSA26_g1	ROSA26	8633.4	6135.4	8633.4	6135.4	-0.4927	3.1199e+06	1.0194e+10	1.6921	0.045317	0.95468	0.090634	0.18142	False
CTRL0003_g3	CTRL	7619.5	5627.3	7619.5	5627.3	-0.43719	1.9844e+06	7.4197e+09	1.6585	0.048609	0.95139	0.097218	0.18142	False
PROM1_g6	PROM1	6128.8	4311.6	6128.8	4311.6	-0.50727	1.651e+06	4.2655e+09	1.6555	0.048911	0.95109	0.097821	0.18142	False
PROM1_g4	PROM1	4450.9	3069.3	4450.9	3069.3	-0.53607	9.5453e+05	1.8912e+09	1.6263	0.05194	0.94806	0.10388	0.18142	False
EGFP_g2	EGFP	4225.1	2941.2	4225.1	2941.2	-0.52243	8.242e+05	1.6567e+09	1.6153	0.05312	0.94688	0.10624	0.18142	False
ROSA26_g6	ROSA26	3839.3	2624.2	3839.3	2624.2	-0.54883	7.3832e+05	1.2987e+09	1.6126	0.053413	0.94659	0.10683	0.18142	False
ROSA26_g2	ROSA26	3616.4	2540.5	3616.4	2540.5	-0.50927	5.7877e+05	1.1155e+09	1.5917	0.055724	0.94428	0.11145	0.18142	False
CCR5_g7	CCR5	4091.3	2963.9	4091.3	2963.9	-0.46493	6.3554e+05	1.5266e+09	1.5917	0.05573	0.94427	0.11146	0.18142	False
LRIG1_g5	LRIG1	5029.6	3875.8	5029.6	3875.8	-0.37586	6.6561e+05	2.5805e+09	1.5865	0.056308	0.94369	0.11262	0.18142	False
CTRL0010_g10	CTRL	4078.7	3037.3	4078.7	3037.3	-0.42524	5.4236e+05	1.5146e+09	1.5776	0.057333	0.94267	0.11467	0.18142	False
AAVS1_g2	AAVS1	2746	1877.5	2746	1877.5	-0.54827	3.7713e+05	5.5387e+08	1.5713	0.058056	0.94194	0.11611	0.18142	False
CTRL0006_g6	CTRL	4536.2	3543.3	4536.2	3543.3	-0.35632	4.9299e+05	1.9847e+09	1.5669	0.058571	0.94143	0.11714	0.18142	False
KRT20_g5	KRT20	4184.4	3205.6	4184.4	3205.6	-0.38433	4.7904e+05	1.6164e+09	1.5665	0.058611	0.94139	0.11722	0.18142	False
PROM1_g2	PROM1	4073.9	3116.8	4073.9	3116.8	-0.38625	4.5805e+05	1.5101e+09	1.5639	0.058924	0.94108	0.11785	0.18142	False
PROM1_g5	PROM1	2486.2	1704	2486.2	1704	-0.54476	3.0593e+05	4.302e+08	1.5578	0.059639	0.94036	0.11928	0.18142	False
LRIG1_g4	LRIG1	3631.9	2736.7	3631.9	2736.7	-0.40815	4.0067e+05	1.1277e+09	1.5572	0.059717	0.94028	0.11943	0.18142	False
AAVS1_g8	AAVS1	3144.4	2286.5	3144.4	2286.5	-0.45948	3.6799e+05	7.8163e+08	1.5571	0.059721	0.94028	0.11944	0.18142	False
EGFP_g1	EGFP	3296.5	2426.9	3296.5	2426.9	-0.44167	3.7812e+05	8.8143e+08	1.5568	0.059761	0.94024	0.11952	0.18142	False
EGFP_g6	EGFP	4095.2	3191.1	4095.2	3191.1	-0.35978	4.087e+05	1.5302e+09	1.5553	0.05994	0.94006	0.11988	0.18142	False
AAVS1_g5	AAVS1	2251.6	1516	2251.6	1516	-0.57036	2.7056e+05	3.3438e+08	1.5545	0.060029	0.93997	0.12006	0.18142	False
ROSA26_g3	ROSA26	3966.3	3079.6	3966.3	3079.6	-0.36495	3.9313e+05	1.4107e+09	1.5531	0.060203	0.9398	0.12041	0.18142	False
AAVS1_g1	AAVS1	3012.5	2186.3	3012.5	2186.3	-0.46232	3.4134e+05	7.0098e+08	1.5528	0.060238	0.93976	0.12048	0.18142	False
CCR5_g2	CCR5	3006.7	2194.5	3006.7	2194.5	-0.45409	3.2981e+05	6.9755e+08	1.5497	0.060612	0.93939	0.12122	0.18142	False
EGFP_g5	EGFP	3485.5	2641.7	3485.5	2641.7	-0.39978	3.5602e+05	1.0157e+09	1.5491	0.060682	0.93932	0.12136	0.18142	False
CTRL0001_g1	CTRL	2384.4	1705	2384.4	1705	-0.48361	2.308e+05	3.8682e+08	1.5311	0.062872	0.93713	0.12574	0.18142	False
PROM1_g1	PROM1	2523	1841.4	2523	1841.4	-0.45419	2.3235e+05	4.4659e+08	1.5278	0.063286	0.93671	0.12657	0.18142	False
ROSA26_g4	ROSA26	2965	2254.4	2965	2254.4	-0.39513	2.5247e+05	6.7322e+08	1.5271	0.063366	0.93663	0.12673	0.18142	False
LRIG1_g3	LRIG1	1872.7	1280.6	1872.7	1280.6	-0.54793	1.7528e+05	2.0928e+08	1.5238	0.063782	0.93622	0.12756	0.18142	False
CCR5_g8	CCR5	2525	1857.9	2525	1857.9	-0.44241	2.2252e+05	4.4746e+08	1.5237	0.063795	0.93621	0.12759	0.18142	False
PROM1_g3	PROM1	2726.6	2047.9	2726.6	2047.9	-0.41278	2.3031e+05	5.4398e+08	1.5228	0.063902	0.9361	0.1278	0.18142	False
ROSA26_g8	ROSA26	2286.5	1648.2	2286.5	1648.2	-0.472	2.0372e+05	3.4771e+08	1.5217	0.064037	0.93596	0.12807	0.18142	False
EGFP_g4	EGFP	2116.9	1503.7	2116.9	1503.7	-0.49322	1.8805e+05	2.8583e+08	1.5196	0.064302	0.9357	0.1286	0.18142	False
LRIG1_g1	LRIG1	2943.7	2276.1	2943.7	2276.1	-0.37091	2.2283e+05	6.6098e+08	1.5176	0.064557	0.93544	0.12911	0.18142	False
ROSA26_g10	ROSA26	3334.3	2666.5	3334.3	2666.5	-0.32234	2.23e+05	9.0736e+08	1.5161	0.064745	0.93525	0.12949	0.18142	False
CCR5_g5	CCR5	2108.2	1525.3	2108.2	1525.3	-0.46662	1.6986e+05	2.8284e+08	1.5096	0.065569	0.93443	0.13114	0.18142	False
CTRL0002_g2	CTRL	2365.1	1773.2	2365.1	1773.2	-0.41532	1.7515e+05	3.7888e+08	1.5058	0.066062	0.93394	0.13212	0.18142	False
ROSA26_g5	ROSA26	2531.8	1932.2	2531.8	1932.2	-0.3897	1.7972e+05	4.5052e+08	1.5052	0.066133	0.93387	0.13227	0.18142	False
AAVS1_g3	AAVS1	1975.4	1422.1	1975.4	1422.1	-0.47387	1.5309e+05	2.3972e+08	1.504	0.066285	0.93371	0.13257	0.18142	False
CCR5_g1	CCR5	1776.7	1252.7	1776.7	1252.7	-0.50382	1.3729e+05	1.8308e+08	1.5015	0.066618	0.93338	0.13324	0.18142	False
LRIG1_g6	LRIG1	1884.3	1357	1884.3	1357	-0.4733	1.3901e+05	2.126e+08	1.4979	0.06708	0.93292	0.13416	0.18142	False
ROSA26_g7	ROSA26	2461	1902.3	2461	1902.3	-0.37135	1.5609e+05	4.192e+08	1.495	0.067451	0.93255	0.1349	0.18142	False
CTRL0007_g7	CTRL	2849.7	2314.3	2849.7	2314.3	-0.30009	1.433e+05	6.0862e+08	1.4881	0.068361	0.93164	0.13672	0.18142	False
CTRL0009_g9	CTRL	2568.6	2038.6	2568.6	2038.6	-0.33326	1.4045e+05	4.6738e+08	1.4868	0.068536	0.93146	0.13707	0.18142	False
CCR5_g10	CCR5	2312.7	1791.8	2312.7	1791.8	-0.36801	1.3568e+05	3.5792e+08	1.4859	0.068648	0.93135	0.1373	0.18142	False
KRT20_g3	KRT20	2526.9	2010.7	2526.9	2010.7	-0.32952	1.3323e+05	4.4833e+08	1.4833	0.068991	0.93101	0.13798	0.18142	False
AAVS1_g7	AAVS1	1639.1	1178.3	1639.1	1178.3	-0.47577	1.0613e+05	1.4914e+08	1.4812	0.069277	0.93072	0.13855	0.18142	False
CTRL0008_g8	CTRL	2657.8	2150.1	2657.8	2150.1	-0.30566	1.2885e+05	5.0974e+08	1.4812	0.069278	0.93072	0.13856	0.18142	False
CTRL0005_g5	CTRL	2419.3	1924	2419.3	1924	-0.33037	1.2269e+05	4.0138e+08	1.4781	0.069693	0.93031	0.13939	0.18142	False
KRT20_g2	KRT20	3130.8	2654.1	3130.8	2654.1	-0.23821	1.1361e+05	7.7308e+08	1.4779	0.069724	0.93028	0.13945	0.18142	False
CCR5_g4	CCR5	1318.2	910.87	1318.2	910.87	-0.5328	82971	8.5713e+07	1.4744	0.070182	0.92982	0.14036	0.18142	False
LRIG1_g2	LRIG1	1627.4	1226.9	1627.4	1226.9	-0.40731	80219	1.4646e+08	1.4554	0.072783	0.92722	0.14557	0.18142	False
CCR5_g6	CCR5	1864.9	1454.1	1864.9	1454.1	-0.35877	84387	2.0708e+08	1.455	0.072828	0.92717	0.14566	0.18142	False
EGFP_g3	EGFP	2296.2	1905.4	2296.2	1905.4	-0.26906	76382	3.5147e+08	1.449	0.073668	0.92633	0.14734	0.18142	False
CCR5_g3	CCR5	1714.7	1346.7	1714.7	1346.7	-0.34829	67707	1.6726e+08	1.4404	0.074878	0.92512	0.14976	0.18142	False
ROSA26_g9	ROSA26	1088.5	772.48	1088.5	772.48	-0.49424	49936	5.2675e+07	1.4361	0.075487	0.92451	0.15097	0.18142	False
AAVS1_g4	AAVS1	1222.3	908.8	1222.3	908.8	-0.42712	49131	7.0728e+07	1.426	0.076931	0.92307	0.15386	0.18142	False
CTRL0004_g4	CTRL	1326	1006.9	1326	1006.9	-0.39678	50903	8.7001e+07	1.4252	0.077047	0.92295	0.15409	0.18142	False
AAVS1_g10	AAVS1	1425.8	1101.9	1425.8	1101.9	-0.37147	52454	1.0464e+08	1.4252	0.077054	0.92295	0.15411	0.18142	False
CCR5_g9	CCR5	1530.5	1218.6	1530.5	1218.6	-0.32851	48635	1.2529e+08	1.4184	0.078042	0.92196	0.15608	0.18142	False
KRT20_g1	KRT20	2191.6	1928.1	2191.6	1928.1	-0.18468	34703	3.1215e+08	1.4117	0.07902	0.92098	0.15804	0.18142	False
AAVS1_g9	AAVS1	956.68	701.22	956.68	701.22	-0.44762	32630	3.7937e+07	1.4022	0.080424	0.91958	0.16085	0.18142	False
KRT20_g6	KRT20	1811.6	1567.7	1811.6	1567.7	-0.2085	29746	1.9236e+08	1.3955	0.081429	0.91857	0.16286	0.18142	False
KRT20_g4	KRT20	1210.6	956.31	1210.6	956.31	-0.3399	32342	6.9029e+07	1.3921	0.081939	0.91806	0.16388	0.18142	False
AAVS1_g6	AAVS1	1048.8	804.49	1048.8	804.49	-0.38212	29834	4.7922e+07	1.3894	0.082353	0.91765	0.16471	0.18142	False
SOX9_g2	SOX9	470.1	2038.6	470.1	2038.6	2.1142	1.2301e+06	6.2299e+06	0.62841	0.53912	0.46088	0.92177	0.93406	True
SOX9_g5	SOX9	677.53	2807	677.53	2807	2.049	2.2672e+06	1.5779e+07	0.53607	0.47869	0.52131	0.95739	0.95739	True
mKate2_g4	mKate2	1180.6	3949.1	1180.6	3949.1	1.7412	3.8325e+06	6.4756e+07	0.34405	0.34552	0.65448	0.69105	0.71945	True
SOX9_g4	SOX9	556.37	1619.3	556.37	1619.3	1.5396	5.6493e+05	9.5614e+06	0.34376	0.36031	0.63969	0.72063	0.7401	True
SOX9_g1	SOX9	863.63	2478.5	863.63	2478.5	1.5199	1.304e+06	2.9246e+07	0.29862	0.32093	0.67907	0.64186	0.67752	True
SOX9_g3	SOX9	531.17	1076.1	531.17	1076.1	1.0172	1.4848e+05	8.4984e+06	0.18693	0.25587	0.74413	0.51174	0.54778	True
SOX9_g6	SOX9	2576.4	3263.4	2576.4	3263.4	0.34093	2.3603e+05	4.7097e+08	0.031659	0.10942	0.89058	0.21883	0.23759	True
