sgrna	Gene	control_count	treatment_count	control_mean	treat_mean	LFC	control_var	adj_var	score	p.low	p.high	p.twosided	FDR	high_in_treatment
ROSA26_g6	ROSA26	3289.3	5254.7	3289.3	5254.7	0.67565	1.9313e+06	5.31e+05	2.6971	0.9965	0.0034974	0.0069948	0.53161	True
LRIG1_g1	LRIG1	5993.2	3653.1	5993.2	3653.1	-0.71406	2.7381e+06	9.675e+05	2.3791	0.008677	0.99132	0.017354	0.65945	False
CTRL0010_g10	CTRL	6628.5	4459.9	6628.5	4459.9	-0.57155	2.3513e+06	1.0701e+06	2.0964	0.018024	0.98198	0.036049	0.91323	False
SOX9_g6	SOX9	2545.1	3741.9	2545.1	3741.9	0.55588	7.1621e+05	4.1086e+05	1.8672	0.96906	0.030939	0.061877	0.93184	True
mKate2_g1	mKate2	3109.5	1994.9	3109.5	1994.9	-0.64008	6.2111e+05	5.0197e+05	1.5732	0.057841	0.94216	0.11568	0.93184	False
AAVS1_g7	AAVS1	2075.2	2910	2075.2	2910	0.48759	3.4848e+05	3.35e+05	1.4424	0.92539	0.07461	0.14922	0.93184	True
AAVS1_g10	AAVS1	1076.3	1675.9	1076.3	1675.9	0.63837	1.7976e+05	1.7375e+05	1.4385	0.92448	0.075524	0.15105	0.93184	True
EGFP_g1	EGFP	636.6	1068.5	636.6	1068.5	0.74627	93288	1.0277e+05	1.3474	0.90893	0.091067	0.18213	0.93184	True
KRT20_g4	KRT20	1130.1	1703.4	1130.1	1703.4	0.59148	1.643e+05	1.8244e+05	1.3421	0.90985	0.090152	0.1803	0.93184	True
ROSA26_g8	ROSA26	3403.5	2439.1	3403.5	2439.1	-0.48047	4.6499e+05	5.4943e+05	1.301	0.096627	0.90337	0.19325	0.93184	False
LRIG1_g2	LRIG1	2108	2850.2	2108	2850.2	0.43504	2.7547e+05	3.403e+05	1.2724	0.89837	0.10163	0.20326	0.93184	True
AAVS1_g6	AAVS1	813.79	1254.3	813.79	1254.3	0.62353	97024	1.3137e+05	1.2154	0.88648	0.11352	0.22704	0.93184	True
KRT20_g5	KRT20	4916.9	5931.5	4916.9	5931.5	0.2706	5.147e+05	7.9374e+05	1.1388	0.87261	0.12739	0.25478	0.93184	True
AAVS1_g8	AAVS1	5411.7	4371.9	5411.7	4371.9	-0.30777	5.4064e+05	8.7363e+05	1.1125	0.13296	0.86704	0.26592	0.93184	False
CCR5_g5	CCR5	3423.2	2654.8	3423.2	2654.8	-0.36662	2.9521e+05	5.5261e+05	1.0337	0.15065	0.84935	0.3013	0.93184	False
SOX9_g5	SOX9	1810	2353.5	1810	2353.5	0.37863	1.477e+05	2.922e+05	1.0054	0.8426	0.1574	0.31481	0.93184	True
mKate2_g5	mKate2	2698.6	2082.2	2698.6	2082.2	-0.374	1.9003e+05	4.3565e+05	0.93409	0.17513	0.82487	0.35026	0.93184	False
PROM1_g5	PROM1	2566.1	3155.5	2566.1	3155.5	0.29822	1.7374e+05	4.1425e+05	0.91586	0.82012	0.17988	0.35975	0.93184	True
PROM1_g1	PROM1	4088.7	3350.2	4088.7	3350.2	-0.28731	2.7267e+05	6.6004e+05	0.90896	0.18168	0.81832	0.36337	0.93184	False
EGFP_g4	EGFP	937.18	1281.8	937.18	1281.8	0.45132	59370	1.5129e+05	0.88592	0.81066	0.18934	0.37869	0.93184	True
CTRL0001_g1	CTRL	2948	2339	2948	2339	-0.33374	1.8546e+05	4.7591e+05	0.88287	0.18865	0.81135	0.37731	0.93184	False
KRT20_g6	KRT20	3121.3	2494.9	3121.3	2494.9	-0.32306	1.962e+05	5.0388e+05	0.88249	0.18876	0.81124	0.37751	0.93184	False
ROSA26_g10	ROSA26	4027	4701.4	4027	4701.4	0.22335	2.2744e+05	6.5008e+05	0.8365	0.79856	0.20144	0.40288	0.93184	True
ROSA26_g2	ROSA26	3830.1	3191.9	3830.1	3191.9	-0.26289	2.0365e+05	6.183e+05	0.81162	0.2085	0.7915	0.41701	0.93184	False
CCR5_g3	CCR5	2077.8	2524.8	2077.8	2524.8	0.28097	99886	3.3542e+05	0.77174	0.77983	0.22017	0.44034	0.93184	True
CTRL0002_g2	CTRL	2857.5	2372.9	2857.5	2372.9	-0.26797	1.1739e+05	4.6129e+05	0.71346	0.23778	0.76222	0.47556	0.93184	False
ROSA26_g4	ROSA26	3693.6	4195	3693.6	4195	0.18361	1.2572e+05	5.9626e+05	0.64937	0.74195	0.25805	0.5161	0.93184	True
PROM1_g4	PROM1	4794.8	5361.3	4794.8	5361.3	0.16107	1.6044e+05	7.7404e+05	0.64385	0.74016	0.25984	0.51967	0.93184	True
CCR5_g7	CCR5	7119.4	6433.9	7119.4	6433.9	-0.14605	2.3498e+05	1.1493e+06	0.63946	0.26126	0.73874	0.52253	0.93184	False
AAVS1_g2	AAVS1	3108.2	3555.3	3108.2	3555.3	0.19386	99981	5.0176e+05	0.63129	0.73607	0.26393	0.52786	0.93184	True
mKate2_g4	mKate2	1901.9	2240.5	1901.9	2240.5	0.23623	57307	3.0703e+05	0.61098	0.72931	0.27069	0.54138	0.93184	True
CTRL0005_g5	CTRL	2436.1	2810.7	2436.1	2810.7	0.20624	70140	3.9327e+05	0.59725	0.72481	0.27519	0.55037	0.93184	True
KRT20_g3	KRT20	3109.5	3526.3	3109.5	3526.3	0.18141	86854	5.0197e+05	0.58826	0.72182	0.27818	0.55636	0.93184	True
mKate2_g2	mKate2	2441.4	2806.6	2441.4	2806.6	0.20107	66704	3.9412e+05	0.58181	0.71964	0.28036	0.56072	0.93184	True
ROSA26_g5	ROSA26	2805	3182.2	2805	3182.2	0.18198	71153	4.5281e+05	0.5606	0.71246	0.28754	0.57508	0.93184	True
AAVS1_g4	AAVS1	1472.7	1743.7	1472.7	1743.7	0.24357	36732	2.3774e+05	0.55589	0.71049	0.28951	0.57902	0.93184	True
ROSA26_g1	ROSA26	9055.4	8386.8	9055.4	8386.8	-0.11065	2.2354e+05	1.4618e+06	0.55302	0.29012	0.70988	0.58025	0.93184	False
CTRL0007_g7	CTRL	2894.2	3270.2	2894.2	3270.2	0.17616	70693	4.6722e+05	0.5501	0.70887	0.29113	0.58226	0.93184	True
ROSA26_g3	ROSA26	4422.1	4882.3	4422.1	4882.3	0.14282	1.0593e+05	7.1386e+05	0.54477	0.70704	0.29296	0.58591	0.93184	True
LRIG1_g6	LRIG1	2853.5	2484.4	2853.5	2484.4	-0.19979	68137	4.6065e+05	0.54393	0.29324	0.70676	0.58649	0.93184	False
AAVS1_g5	AAVS1	3357.6	2980.3	3357.6	2980.3	-0.17191	71168	5.4202e+05	0.51246	0.30417	0.69583	0.60833	0.93184	False
LRIG1_g5	LRIG1	6178.3	6675.4	6178.3	6675.4	0.11162	1.2354e+05	9.9737e+05	0.49773	0.69066	0.30934	0.61868	0.93184	True
KRT20_g2	KRT20	4433.9	4022.2	4433.9	4022.2	-0.14056	84747	7.1577e+05	0.48662	0.31326	0.68674	0.62653	0.93184	False
SOX9_g2	SOX9	1337.5	1113.8	1337.5	1113.8	-0.26388	25030	2.1592e+05	0.48537	0.31371	0.68629	0.62741	0.93184	False
PROM1_g2	PROM1	4284.2	4682	4284.2	4682	0.12807	79122	6.9161e+05	0.47833	0.68379	0.31621	0.63241	0.93184	True
CCR5_g10	CCR5	3445.5	3090.9	3445.5	3090.9	-0.15662	62859	5.5621e+05	0.47542	0.31724	0.68276	0.63448	0.93184	False
AAVS1_g9	AAVS1	1408.4	1184.8	1408.4	1184.8	-0.24916	24986	2.2736e+05	0.47182	0.31853	0.68147	0.63706	0.93184	False
EGFP_g6	EGFP	2953.3	3275.9	2953.3	3275.9	0.14952	52036	4.7676e+05	0.46722	0.67982	0.32018	0.64035	0.93184	True
CTRL0008_g8	CTRL	3634.5	3277.5	3634.5	3277.5	-0.14912	63727	5.8673e+05	0.46608	0.32058	0.67942	0.64116	0.93184	False
CCR5_g9	CCR5	2056.8	1793.8	2056.8	1793.8	-0.19726	34578	3.3203e+05	0.45672	0.32394	0.67606	0.64788	0.93184	False
CTRL0003_g3	CTRL	8588.2	8073.4	8588.2	8073.4	-0.089158	1.3248e+05	1.3864e+06	0.43716	0.331	0.669	0.66199	0.93184	False
EGFP_g2	EGFP	1845.5	1610.5	1845.5	1610.5	-0.19638	27611	2.9792e+05	0.43119	0.33316	0.66684	0.66633	0.93184	False
AAVS1_g1	AAVS1	4457.5	4808	4457.5	4808	0.10919	61437	7.1958e+05	0.41323	0.66028	0.33972	0.67944	0.93184	True
ROSA26_g9	ROSA26	1183.9	1359.3	1183.9	1359.3	0.19911	15376	1.9113e+05	0.40112	0.65466	0.34534	0.69067	0.93184	True
KRT20_g1	KRT20	3284.1	2999.7	3284.1	2999.7	-0.13063	40438	5.3015e+05	0.39059	0.34805	0.65195	0.6961	0.93184	False
SOX9_g4	SOX9	804.61	941.74	804.61	941.74	0.22678	9402.4	1.2989e+05	0.38049	0.64365	0.35635	0.71269	0.93184	True
SOX9_g1	SOX9	1626.3	1811.6	1626.3	1811.6	0.15559	17171	2.6253e+05	0.36168	0.64093	0.35907	0.71813	0.93184	True
LRIG1_g3	LRIG1	1819.2	1986	1819.2	1986	0.12651	13915	2.9368e+05	0.30784	0.62075	0.37925	0.75851	0.93184	True
mKate2_g3	mKate2	2886.3	3065.9	2886.3	3065.9	0.087035	16119	4.6595e+05	0.26304	0.60373	0.39627	0.79253	0.93184	True
mKate2_g6	mKate2	4600.6	4375.1	4600.6	4375.1	-0.072472	25412	7.4268e+05	0.2616	0.39681	0.60319	0.79363	0.93184	False
LRIG1_g4	LRIG1	5999.8	5751.4	5999.8	5751.4	-0.060987	30847	9.6855e+05	0.25238	0.40037	0.59963	0.80074	0.93184	False
PROM1_g3	PROM1	3231.6	3413.2	3231.6	3413.2	0.07887	16496	5.2168e+05	0.25148	0.59928	0.40072	0.80144	0.93184	True
CCR5_g1	CCR5	2866.7	2709.7	2866.7	2709.7	-0.081199	12315	4.6277e+05	0.23072	0.40877	0.59123	0.81753	0.93184	False
PROM1_g6	PROM1	7933.2	7717.2	7933.2	7717.2	-0.03981	23317	1.2807e+06	0.19082	0.42433	0.57567	0.84867	0.93184	False
CTRL0006_g6	CTRL	5734.6	5917.8	5734.6	5917.8	0.045344	16769	9.2575e+05	0.19034	0.57548	0.42452	0.84905	0.93184	True
AAVS1_g3	AAVS1	3078	3209.7	3078	3209.7	0.060417	8669.7	4.9688e+05	0.18681	0.57409	0.42591	0.85182	0.93184	True
EGFP_g3	EGFP	1495	1407.8	1495	1407.8	-0.086703	3807.1	2.4134e+05	0.17932	0.42884	0.57116	0.85768	0.93184	False
CTRL0009_g9	CTRL	3051.7	3176.5	3051.7	3176.5	0.057813	7789.5	4.9265e+05	0.17783	0.57057	0.42943	0.85886	0.93184	True
CCR5_g6	CCR5	3299.8	3421.3	3299.8	3421.3	0.052135	7376.6	5.3269e+05	0.16642	0.56609	0.43391	0.86783	0.93184	True
CCR5_g4	CCR5	1896.7	1810	1896.7	1810	-0.067458	3757.5	3.0618e+05	0.1571	0.43758	0.56242	0.87517	0.93184	False
CCR5_g8	CCR5	4420.7	4291.9	4420.7	4291.9	-0.042652	8296.2	7.1365e+05	0.15248	0.4394	0.5606	0.87881	0.93184	False
CCR5_g2	CCR5	4538.9	4665.1	4538.9	4665.1	0.039556	7963	7.3272e+05	0.14743	0.5586	0.4414	0.88279	0.93184	True
EGFP_g5	EGFP	1514.7	1578.2	1514.7	1578.2	0.059181	2014.2	2.4452e+05	0.12835	0.55057	0.44943	0.89885	0.93579	True
CTRL0004_g4	CTRL	1472.7	1429.6	1472.7	1429.6	-0.042862	930.48	2.3774e+05	0.090176	0.46407	0.53593	0.92815	0.95323	False
ROSA26_g7	ROSA26	4410.2	4438.1	4410.2	4438.1	0.0090884	388.56	7.1195e+05	0.033038	0.51318	0.48682	0.97364	0.98663	True
SOX9_g3	SOX9	1472.7	1477.2	1472.7	1477.2	0.0044116	10.185	2.3774e+05	0.0092565	0.50307	0.49693	0.99387	0.99387	True
